703.331 1214.31 3090.97 942.632 1504.21 599.169 957.513 2193.74 2309.02 1410.05 
132.099 247.749 314.447 223.861 258.984 158.09 139.973 513.282 571.481 198.979 
24.3896 50.6779 88.2944 45.6008 36.4699 34.6773 44.0389 96.5581 209.695 56.5826 
17.1934 20.4862 20.556 22.2255 15.4811 19.4648 21.9485 23.2916 30.8352 22.8804 
9.63878 7.24735 9.72356 12.4713 8.79069 10.0036 10.7294 12.7856 13.6536 9.01209 
4.59588 5.81322 4.59027 7.94256 1.07654 4.28865 6.15175 7.51843 5.95657 5.18393 
0.000290659 0.0129326 0.00710777 2.22793 2.0915e-08 0.0005456 0.152141 3.39175 0.0580505 0.00049658 
0 0 0 3.65145e-07 0 0 0 2.10857e-07 0 0 
0 0 0 0 0 0 0 0 0 0 
0 0 0 0 0 0 0 0 0 0 
0 0 0 0 0 0 0 0 0 0 
0 0 0 0 0 0 0 0 0 0 
0 0 0 0 0 0 0 0 0 0 
0 0 0 0 0 0 0 0 0 0 
