2764.44 2488.28 2944.25 2457.76 3069.31 1867.83 2276.82 3034.95 3436.16 2852.62 
2763.52 2485.63 2943.58 2454.12 3021.99 1866.58 2276.15 2943.93 3346.19 2848.6 
2763.52 2485.63 2943.58 2454.12 3021.99 1866.58 2276.15 2943.93 3346.19 2848.6 
2763.52 2485.63 2943.58 2454.12 3021.99 1866.58 2276.15 2943.93 3346.19 2848.6 
2763.52 2485.63 2943.58 2454.12 3021.99 1866.58 2276.15 2943.93 3346.19 2848.6 
2763.52 2485.63 2943.58 2454.12 3021.99 1866.58 2276.15 2943.93 3346.19 2848.6 
2763.52 2485.63 2943.58 2454.12 3021.99 1866.58 2276.15 2943.93 3346.19 2848.6 
2763.52 2485.63 2943.58 2454.12 3021.99 1866.58 2276.15 2943.93 3346.19 2848.6 
2763.52 2485.63 2943.58 2454.12 3021.99 1866.58 2276.15 2943.93 3346.19 2848.6 
2763.52 2485.63 2943.58 2454.12 3021.99 1866.58 2276.15 2943.93 3346.19 2848.6 
2763.52 2485.63 2943.58 2454.12 3021.99 1866.58 2276.15 2943.93 3346.19 2848.6 
2763.52 2485.63 2943.58 2454.12 3021.99 1866.58 2276.15 2943.93 3346.19 2848.6 
2763.52 2485.63 2943.58 2454.12 3021.99 1866.58 2276.15 2943.93 3346.19 2848.6 
2763.52 2485.63 2943.58 2454.12 3021.99 1866.58 2276.15 2943.93 3346.19 2848.6 
