136.825 100.401 79.9177 89.8857 124.007 91.6401 96.2474 104.825 83.4383 107.681 
33.8044 32.5941 31.2237 33.4948 34.4859 34.357 33.9634 26.6238 28.4146 34.6027 
32.1287 32.5941 29.2629 31.2844 30.5669 34.3168 28.4687 26.389 28.4146 30.0957 
25.1751 26.7002 27.6868 27.883 28.3554 25.5801 27.6912 23.7123 25.6595 26.6039 
22.416 22.0773 20.6783 23.9637 23.2125 22.5076 22.0155 22.612 21.6492 22.7555 
20.0691 20.0853 20.0422 20.0653 20.1142 20.0725 20.0484 20.1249 20.0704 20.0603 
20.0114 20.0242 20.0125 20.0085 20.0246 20.0136 20.0199 20.028 20.0256 20.0124 
20.0041 20.0051 20.0009 20.0004 20.0039 20.0042 20.0044 20 20.0074 20.0055 
20.0009 20.0017 20 20.0001 20.0017 20.0012 20 20 20.0021 20.0012 
20.0002 20.0004 20 20.0001 20.0015 20.0006 20 20 20.0004 20.0012 
20 20 20 20.0001 20.0001 20.0001 20 20 20 20 
20 20 20 20.0001 20.0001 20 20 20 20 20 
20 20 20 20.0001 20.0001 20 20 20 20 20 
20 20 20 20.0001 20.0001 20 20 20 20 20 
