462.04 454.561 468.788 473.645 450.274 453.545 463.352 485.774 450.219 479.794 
461.947 454.522 468.369 473.053 449.818 453.25 462.814 484.607 448.525 479.652 
461.947 454.522 468.369 473.053 449.818 453.25 462.814 484.607 448.525 479.652 
461.947 454.522 468.369 473.053 449.818 453.25 462.814 484.607 448.525 479.652 
461.947 454.522 468.369 473.053 449.818 453.25 462.814 484.607 448.525 479.652 
461.947 454.522 468.369 473.053 449.818 453.25 462.814 484.607 448.525 479.652 
461.947 454.522 468.369 473.053 449.818 453.25 462.814 484.607 448.525 479.652 
461.947 454.522 468.369 473.053 449.818 453.25 462.814 484.607 448.525 479.652 
461.947 454.522 468.369 473.053 449.818 453.25 462.814 484.607 448.525 479.652 
461.947 454.522 468.369 473.053 449.818 453.25 462.814 484.607 448.525 479.652 
461.947 454.522 468.369 473.053 449.818 453.25 462.814 484.607 448.525 479.652 
461.947 454.522 468.369 473.053 449.818 453.25 462.814 484.607 448.525 479.652 
461.947 454.522 468.369 473.053 449.818 453.25 462.814 484.607 448.525 479.652 
461.947 454.522 468.369 473.053 449.818 453.25 462.814 484.607 448.525 479.652 
