63.7156 58.661 68.6035 74.5201 75.5972 63.8978 72.677 77.2949 71.8027 74.2991 
54.375 54.532 45.5546 47.4639 49.5663 51.9003 48.5155 51.6664 42.0707 49.2971 
42.3297 34.5406 45.5546 47.4639 35.6078 49.2468 48.5155 46.2294 42.0707 46.2131 
33.7386 34.5406 41.408 30.5119 32.1402 21.5347 20.5512 20.4088 31.3833 41.3941 
1.99181 4.10915 6.97615 2.98674 7.56103 4.08924 3.99509 4.27591 4.97507 13.2473 
1.98992 3.97984 4.9748 2.98488 3.97984 3.97984 3.97984 2.98488 4.9748 5.96975 
1.98992 3.97984 4.9748 2.98488 3.97984 3.97984 3.97984 2.98488 4.9748 5.96975 
1.98992 3.97984 4.9748 2.98488 3.97984 3.97984 3.97984 2.98488 4.9748 5.96975 
1.98992 3.97984 4.9748 2.98488 3.97984 3.97984 3.97984 2.98488 4.9748 5.96975 
1.98992 3.97984 4.9748 2.98488 3.97984 3.97984 3.97984 2.98488 4.9748 5.96975 
1.98992 3.97984 4.9748 2.98488 3.97984 3.97984 3.97984 2.98488 4.9748 5.96975 
1.98992 3.97984 4.9748 2.98488 3.97984 3.97984 3.97984 2.98488 4.9748 5.96975 
1.98992 3.97984 4.9748 2.98488 3.97984 3.97984 3.97984 2.98488 4.9748 5.96975 
1.98992 3.97984 4.9748 2.98488 3.97984 3.97984 3.97984 2.98488 4.9748 5.96975 
