290.251 401.753 581.221 462.042 883.918 161.365 450.16 321.579 238.078 497.365 
288.435 340.025 578.292 453.939 860.816 129.141 308.375 319.157 208.285 477.639 
288.435 340.011 578.291 453.938 860.802 129.136 308.313 319.156 208.279 477.635 
288.435 340.011 578.291 453.938 860.802 129.136 308.313 319.156 208.279 477.635 
288.435 340.011 578.291 453.938 860.802 129.136 308.313 319.156 208.279 477.635 
288.435 340.011 578.291 453.938 860.802 129.136 308.313 319.156 208.279 477.635 
288.435 340.011 578.291 453.938 860.802 129.136 308.313 319.156 208.279 477.635 
288.435 340.011 578.291 453.938 860.802 129.136 308.313 319.156 208.279 477.635 
288.435 340.011 578.291 453.938 860.802 129.136 308.313 319.156 208.279 477.635 
288.435 340.011 578.291 453.938 860.802 129.136 308.313 319.156 208.279 477.635 
288.435 340.011 578.291 453.938 860.802 129.136 308.313 319.156 208.279 477.635 
288.435 340.011 578.291 453.938 860.802 129.136 308.313 319.156 208.279 477.635 
288.435 340.011 578.291 453.938 860.802 129.136 308.313 319.156 208.279 477.635 
288.435 340.011 578.291 453.938 860.802 129.136 308.313 319.156 208.279 477.635 
