503.575 528.543 567.035 516.272 447.876 552.14 554.266 427.164 525.537 509.039 
383.952 336.973 417.305 414.749 447.876 483.253 448.385 427.164 436.977 388.244 
379.78 336.973 374.046 414.749 447.876 392.046 387.146 315.668 403.365 346.679 
301.673 316.624 288.238 287.875 299.738 328.001 276.087 297.846 315.557 279.42 
237.287 238.185 239.765 234.909 237.634 245.391 231.424 236.346 233.68 233.59 
224.975 227.664 223.236 225.266 227.085 224.663 222.703 223.726 223.388 226.528 
223.859 224 222.407 224.356 226.897 223.501 222.427 223.446 222.903 223.154 
223.859 224 222.36 224.356 226.897 223.501 222.427 223.286 222.899 223.087 
223.45 224 222.36 223.725 224.912 223.501 222.427 223.286 222.899 223.086 
223.45 224 222.36 223.725 224.912 223.501 222.427 223.286 222.899 223.086 
223.45 224 222.36 223.725 224.912 223.501 222.427 223.286 222.899 223.086 
223.45 224 222.36 223.725 224.912 223.501 222.427 223.286 222.899 223.086 
223.45 224 222.36 223.725 224.912 223.501 222.427 223.286 222.899 223.086 
223.45 224 222.36 223.725 224.912 223.501 222.427 223.286 222.899 223.086 
