3129.61 3405.47 3421.53 3675.91 3261.64 3830.44 3453.7 3796.17 3215.88 3327.45 
2153.45 2128.91 2211.46 2009.55 2044.55 2067.5 1922.05 1997 1747.79 1592.8 
1584.3 1721.7 1427.53 951.762 1422.72 1489.68 1304.78 1571.87 1418.76 1475.6 
55.9397 40.0167 42.4874 89.4713 52.6764 150.829 40.5225 38.1947 79.6723 262.085 
39.9419 39.6531 34.0091 89.4688 52.6629 150.825 40.5218 36.7172 57.9455 100.686 
39.9371 39.6531 34.0091 89.4688 52.6629 150.825 40.5218 36.7172 57.88 65.8803 
39.9371 39.6531 34.0091 89.4688 52.6629 150.825 40.5218 36.7172 57.88 65.8803 
39.9371 39.6531 34.0091 89.4688 52.6629 150.825 40.5218 36.7172 57.88 65.8803 
39.9371 39.6531 34.0091 89.4688 52.6629 150.825 40.5218 36.7172 57.88 65.8803 
39.9371 39.6531 34.0091 89.4688 52.6629 150.825 40.5218 36.7172 57.88 65.8803 
39.9371 39.6531 34.0091 89.4688 52.6629 150.825 40.5218 36.7172 57.88 65.8803 
39.9371 39.6531 34.0091 89.4688 52.6629 150.825 40.5218 36.7172 57.88 65.8803 
39.9371 39.6531 34.0091 89.4688 52.6629 150.825 40.5218 36.7172 57.88 65.8803 
39.9371 39.6531 34.0091 89.4688 52.6629 150.825 40.5218 36.7172 57.88 65.8803 
