1146.98 1089.75 1565.31 1702.44 1518.18 1586.93 808.016 755.072 1101.12 1292.6 
1146.98 1089.75 1565.31 1702.44 1155.85 1586.93 672.451 188.184 1101.12 1181.07 
192.658 1089.75 1399.27 1702.44 802.379 1586.93 278.532 115.779 899.433 387.483 
110.929 1089.75 1338.65 1702.44 117.352 1586.93 111.025 106.986 140.523 113.102 
106.724 1089.75 106.136 1702.44 107.183 824.872 103.562 106.727 105.107 106.657 
106.056 105.804 104.496 1670.77 105.444 105.419 103.562 106.241 105.053 105.771 
105.009 104.894 104.496 107.62 105.444 104.956 103.562 101.566 105.053 104.933 
101.598 103.36 101.041 106.116 105.444 104.169 103.562 101.566 104.996 101.88 
101.54 101.434 100.712 105.42 105.444 100.932 103.562 101.566 103.737 101.88 
101.54 101.434 100.712 104.719 105.444 100.932 101.93 101.566 100.438 101.88 
101.54 101.434 100.712 101.365 100.888 100.932 101.93 101.566 100.427 101.88 
101.54 101.434 100.712 101.365 100.888 100.932 101.93 101.566 100.427 101.88 
101.54 101.434 100.712 101.365 100.888 100.932 101.93 101.566 100.427 101.88 
101.54 101.434 100.712 101.365 100.888 100.932 101.93 101.566 100.427 101.88 
