1195.59 1269.88 1260.79 1214.51 1302.2 1254.55 1162.97 1218.71 1236.95 1241.98 
1195.59 1214.27 1164.31 1141.11 1139.4 1089.22 1047.64 1203.12 975.075 1111.46 
1112.79 1050.79 1089.52 1125.58 1106.75 1077.25 1009.51 1099.41 975.075 1032.5 
938.905 944.783 1021.57 963.333 965.388 1009.44 953.652 990.94 926.954 993.04 
810.533 855.85 839.431 828.881 845.156 864.85 828.644 808.137 808.126 819.195 
762.141 747.252 714.955 762.391 736.125 746.908 737.998 730.619 744.776 717.514 
723.724 712.256 714.955 736.047 736.125 716.698 710.091 680.451 731.281 713.041 
711.879 712.256 696.87 694.806 682.62 707.078 706.932 680.451 700.952 694.738 
684.671 686.176 696.87 694.806 682.62 695.399 673.312 680.451 679.763 694.738 
684.671 684.622 696.87 694.806 682.62 689.847 673.312 680.451 679.763 686.478 
684.671 684.622 694.425 685.022 682.62 689.847 673.312 680.451 672.637 686.478 
661.83 684.622 680.982 682.113 669.078 645.537 673.312 680.451 672.637 686.478 
661.83 684.622 669.11 673.903 669.078 645.537 673.312 680.451 672.637 686.478 
661.83 671.167 669.11 673.903 669.078 645.537 671.083 680.451 672.637 681.926 
