15669.5 10231.1 10535.9 10887 5866.12 6532.5 5767.79 15520.5 20079.5 11726 
897.246 464.762 501.145 333.112 423.408 369.055 416.092 308.659 454.868 559.783 
216.163 212.726 210.338 212.138 212.052 210.243 210.801 208.898 213.859 212.43 
204.892 202.987 203.285 204.422 203.003 203.989 203.501 203.918 204.468 203.841 
201.334 201.652 201.978 201.977 201.861 201.919 201.632 201.821 202.786 202.126 
201.053 201.122 201.137 201.338 201.275 201.179 201.073 201.197 202.03 201.126 
201.053 201.122 201.137 201.338 201.275 201.179 201.073 201.197 202.03 201.126 
201.053 201.122 201.137 201.338 201.275 201.179 201.073 201.197 202.03 201.126 
201.053 201.122 201.137 201.338 201.275 201.179 201.073 201.197 202.03 201.126 
201.053 201.122 201.137 201.338 201.275 201.179 201.073 201.197 202.03 201.126 
201.053 201.122 201.137 201.338 201.275 201.179 201.073 201.197 202.03 201.126 
201.053 201.122 201.137 201.338 201.275 201.179 201.073 201.197 202.03 201.126 
201.053 201.122 201.137 201.338 201.275 201.179 201.073 201.197 202.03 201.126 
201.053 201.122 201.137 201.338 201.275 201.179 201.073 201.197 202.03 201.126 
