882.015 845.914 829.919 835.473 836.782 816.558 875.509 802.881 814.168 818.961 
543.856 564.747 560.879 542.155 564.253 545.911 564.677 565.341 566.611 516.983 
512.406 497.496 494.302 504.507 514.106 517.639 507.492 514.056 513.267 506.723 
358.276 355.845 364.269 369.876 365.686 363.012 362.205 358.944 360.29 362.499 
358.055 355.258 364.031 368.421 363.128 362.853 361.431 357.786 359.591 361.473 
358.055 355.258 364.031 368.421 363.128 362.853 361.431 357.786 359.591 361.473 
358.055 355.258 364.031 368.421 363.128 362.853 361.431 357.786 359.591 361.473 
358.055 355.258 364.031 368.421 363.128 362.853 361.431 357.786 359.591 361.473 
358.055 355.258 364.031 368.421 363.128 362.853 361.431 357.786 359.591 361.473 
358.055 355.258 364.031 368.421 363.128 362.853 361.431 357.786 359.591 361.473 
358.055 355.258 364.031 368.421 363.128 362.853 361.431 357.786 359.591 361.473 
358.055 355.258 364.031 368.421 363.128 362.853 361.431 357.786 359.591 361.473 
358.055 355.258 364.031 368.421 363.128 362.853 361.431 357.786 359.591 361.473 
358.055 355.258 364.031 368.421 363.128 362.853 361.431 357.786 359.591 361.473 
