448.214 400.837 410.236 398.931 404.802 400.317 401.382 400.14 446.787 446.425 
443.574 398.024 397.765 397.744 397.754 397.745 398.019 397.746 445.857 445.867 
443.43 398.009 397.743 397.743 397.743 397.743 398.009 397.743 445.857 445.867 
443.43 398.009 397.743 397.743 397.743 397.743 398.009 397.743 445.857 445.867 
443.43 398.009 397.743 397.743 397.743 397.743 398.009 397.743 445.857 445.867 
443.43 398.009 397.743 397.743 397.743 397.743 398.009 397.743 445.857 445.867 
443.43 398.009 397.743 397.743 397.743 397.743 398.009 397.743 445.857 445.867 
443.43 398.009 397.743 397.743 397.743 397.743 398.009 397.743 445.857 445.867 
443.43 398.009 397.743 397.743 397.743 397.743 398.009 397.743 445.857 445.867 
443.43 398.009 397.743 397.743 397.743 397.743 398.009 397.743 445.857 445.867 
443.43 398.009 397.743 397.743 397.743 397.743 398.009 397.743 445.857 445.867 
443.43 398.009 397.743 397.743 397.743 397.743 398.009 397.743 445.857 445.867 
443.43 398.009 397.743 397.743 397.743 397.743 398.009 397.743 445.857 445.867 
443.43 398.009 397.743 397.743 397.743 397.743 398.009 397.743 445.857 445.867 
