52.1551 41.3932 35.1748 40.0174 37.8022 36.3726 37.9196 36.9911 35.8157 40.2868 
27.2848 23.4485 20.6644 17.998 21.5955 21.138 18.8011 19.5794 23.0778 19.0631 
12.8977 8.61485 7.42147 8.72306 10.0361 10.3841 7.09097 8.62662 12.3103 10.8188 
4.13834 2.57308 2.88193 2.34574 2.64308 2.61623 2.0029 2.43983 2.72119 3.52583 
0.114598 0.0744435 0.109433 0.147404 0.108755 0.151131 0.0748053 0.116727 0.0721021 0.238029 
0.000361933 0.000154254 0.000223038 0.000344209 0.000165304 0.000223646 0.000127932 0.000214079 0.000186773 0.000566633 
3.86008e-07 1.54832e-07 3.91434e-07 3.20634e-07 1.29823e-07 2.40942e-07 2.3066e-07 2.08388e-07 1.79665e-07 6.65567e-07 
0 0 0 0 0 0 0 0 0 0 
0 0 0 0 0 0 0 0 0 0 
0 0 0 0 0 0 0 0 0 0 
0 0 0 0 0 0 0 0 0 0 
0 0 0 0 0 0 0 0 0 0 
0 0 0 0 0 0 0 0 0 0 
0 0 0 0 0 0 0 0 0 0 
