919.669 838.415 840.927 691.323 827.506 1322.69 1052.64 1177.08 996.965 1189.46 
919.669 838.415 840.927 691.323 827.506 1322.69 1052.64 1177.08 996.965 1189.46 
919.669 838.415 840.927 691.323 827.506 1322.69 1052.64 1177.08 996.965 1189.46 
919.669 838.415 840.927 691.323 827.506 1322.69 1052.64 1177.08 996.965 1189.46 
919.669 838.415 840.927 691.323 827.506 1322.69 1052.64 1177.08 996.965 1189.46 
919.669 838.415 840.927 691.323 827.506 1322.69 1052.64 1177.08 996.965 1189.46 
919.669 838.415 840.927 691.323 827.506 1322.69 1052.64 1177.08 996.965 1189.46 
919.669 838.415 840.927 691.323 827.506 1322.69 1052.64 1177.08 996.965 1189.46 
919.669 838.415 840.927 691.323 827.506 1322.69 1052.64 1177.08 996.965 1189.46 
919.669 838.415 840.927 691.323 827.506 1322.69 1052.64 1177.08 996.965 1189.46 
919.669 838.415 840.927 691.323 827.506 1322.69 1052.64 1177.08 996.965 1189.46 
919.669 838.415 840.927 691.323 827.506 1322.69 1052.64 1177.08 996.965 1189.46 
919.669 838.415 840.927 691.323 827.506 1322.69 1052.64 1177.08 996.965 1189.46 
919.669 838.415 840.927 691.323 827.506 1322.69 1052.64 1177.08 996.965 1189.46 
