361.037 354.95 367.063 371.9 357.984 372.458 358.972 372.867 374.666 354.951 
207.433 222.731 213.818 226.826 193.938 209.953 214.883 198.022 204.824 221.567 
166.048 179.549 186.694 178.43 173.817 159.415 171.944 155.041 165.949 161.644 
17.0629 14.9782 12.941 11.5324 13.0598 13.1157 14.8287 16.0187 18.2142 15.9569 
16.9143 14.9244 12.9345 10.9445 12.9345 12.9345 13.9294 15.9193 17.9093 15.9193 
16.9143 14.9244 12.9345 10.9445 12.9345 12.9345 13.9294 15.9193 17.9093 15.9193 
16.9143 14.9244 12.9345 10.9445 12.9345 12.9345 13.9294 15.9193 17.9093 15.9193 
16.9143 14.9244 12.9345 10.9445 12.9345 12.9345 13.9294 15.9193 17.9093 15.9193 
16.9143 14.9244 12.9345 10.9445 12.9345 12.9345 13.9294 15.9193 17.9093 15.9193 
16.9143 14.9244 12.9345 10.9445 12.9345 12.9345 13.9294 15.9193 17.9093 15.9193 
16.9143 14.9244 12.9345 10.9445 12.9345 12.9345 13.9294 15.9193 17.9093 15.9193 
16.9143 14.9244 12.9345 10.9445 12.9345 12.9345 13.9294 15.9193 17.9093 15.9193 
16.9143 14.9244 12.9345 10.9445 12.9345 12.9345 13.9294 15.9193 17.9093 15.9193 
16.9143 14.9244 12.9345 10.9445 12.9345 12.9345 13.9294 15.9193 17.9093 15.9193 
