374.242 413.86 387.16 382.207 379.31 373.747 401.997 385.281 381.226 402.404 
374.226 406.344 387.15 382.135 379.285 373.69 401.913 385.199 381.198 402.181 
374.226 406.344 387.15 382.135 379.285 373.69 401.913 385.199 381.198 402.181 
374.226 406.344 387.15 382.135 379.285 373.69 401.913 385.199 381.198 402.181 
374.226 406.344 387.15 382.135 379.285 373.69 401.913 385.199 381.198 402.181 
374.226 406.344 387.15 382.135 379.285 373.69 401.913 385.199 381.198 402.181 
374.226 406.344 387.15 382.135 379.285 373.69 401.913 385.199 381.198 402.181 
374.226 406.344 387.15 382.135 379.285 373.69 401.913 385.199 381.198 402.181 
374.226 406.344 387.15 382.135 379.285 373.69 401.913 385.199 381.198 402.181 
374.226 406.344 387.15 382.135 379.285 373.69 401.913 385.199 381.198 402.181 
374.226 406.344 387.15 382.135 379.285 373.69 401.913 385.199 381.198 402.181 
374.226 406.344 387.15 382.135 379.285 373.69 401.913 385.199 381.198 402.181 
374.226 406.344 387.15 382.135 379.285 373.69 401.913 385.199 381.198 402.181 
374.226 406.344 387.15 382.135 379.285 373.69 401.913 385.199 381.198 402.181 
