1097.15 1186.11 1100.67 1094.55 1012.23 1050.26 1195.56 1210.42 1119.85 1208.51 
1006.35 1068.05 1068.48 1009.3 1012.23 1050.26 1086.29 1050.15 1109.61 1120.65 
972.325 1026.01 894.048 969.484 969.289 990.416 864.093 999.47 1015.71 920.888 
875.514 812.467 894.048 903.03 874.324 897.651 836.245 889.42 823.377 910.401 
760.449 728.726 787.752 741.442 760.6 750.575 719.824 737.423 773.913 762.146 
657.418 666.272 667.985 661.475 675.69 658.836 672.413 682.04 673.485 675.125 
635.464 636.215 618.7 644.544 634.045 637.333 617.074 650.203 624.702 625.533 
610.45 592.748 609.151 630.329 630.972 629.439 587.278 591.38 614.591 623.963 
606.591 591.674 608.723 615.044 581.503 617.018 587.278 591.38 614.591 618.249 
588.689 591.674 608.723 573.723 581.503 609.131 587.278 591.38 606.149 598.805 
588.689 580.569 591.106 573.723 581.503 599.213 587.278 591.38 600.185 598.805 
573.956 572.724 590.391 573.723 581.503 599.213 587.278 591.38 575.573 598.805 
573.956 572.724 590.391 573.723 581.503 594.886 571.871 570.412 575.573 586.117 
573.956 572.724 527.931 566.525 564.945 576.347 568.221 570.412 575.573 570.323 
