4.61436e+07 1.08477e+08 1.46585e+08 6.21447e+07 9.53517e+07 1.84099e+08 9.29228e+07 1.1863e+08 1.04366e+08 6.86122e+07 
4.41881e+07 6.0666e+07 8.40858e+07 6.21447e+07 9.53517e+07 1.15171e+08 6.77018e+07 7.06345e+07 7.26876e+07 3.03255e+07 
4.41881e+07 6.0666e+07 5.38147e+07 6.21447e+07 5.40613e+07 1.10701e+08 5.38872e+07 7.06345e+07 7.26876e+07 3.03255e+07 
3.08813e+07 4.5288e+07 2.94015e+07 6.21447e+07 5.11773e+07 3.65553e+07 3.57872e+07 4.87253e+07 6.63393e+07 2.87647e+07 
1.82662e+07 2.80155e+07 1.5242e+07 3.97969e+07 2.57912e+07 3.65553e+07 1.1624e+07 1.12688e+07 1.60422e+07 1.8063e+07 
5.49963e+06 7.72341e+06 5.85652e+06 1.47762e+07 8.64922e+06 1.06186e+07 2.1231e+06 7.44636e+06 5.99201e+06 7.66967e+06 
1.15266e+06 2.339e+06 3.18445e+06 4.30364e+06 1.08471e+06 3.90436e+06 1.39712e+06 2.25032e+06 2.1068e+06 2.03373e+06 
325035 1.01405e+06 1.20268e+06 1.11052e+06 805643 946227 632848 904906 363772 361561 
127934 362353 964817 312998 404537 277162 326887 236964 191471 187518 
73742 52891.4 426827 134347 157679 149011 162057 189687 48931.1 82696.7 
30998.7 49790.9 80270.1 80447.8 113336 46311.4 53648.1 88560.7 27339.2 33095.1 
14329.7 34615.5 52791 39154.9 61599.3 27981.9 25230.3 50698.7 14847.2 22661.6 
7979.94 11070.9 37732.5 14364.5 26479.1 15934.6 5707.4 16486.1 7776.91 10019.8 
3305.48 7745.78 27121.6 7380.12 12246.3 9208.99 5426.91 12105.2 3002.07 2590.9 
