15.304 9.34627 14.2483 14.2229 19.1178 13.1166 15.5946 13.7468 16.4156 19.1853 
2.55042 1.80151 3.24038 6.68781 2.3629 4.48537 4.68531 1.23414 1.45035 1.17186 
1.00323 1.00641 2.98584 6.68631 1.99332 2.99934 1.64932 0.995195 0.995547 0.995057 
0.994959 0.994959 2.98488 6.68631 1.98992 2.98488 0.99496 0.994959 0.994959 0.994959 
0.994959 0.994959 2.98488 6.68631 1.98992 2.98488 0.994959 0.994959 0.994959 0.994959 
0.994959 0.994959 2.98488 6.68631 1.98992 2.98488 0.994959 0.994959 0.994959 0.994959 
0.994959 0.994959 2.98488 6.68631 1.98992 2.98488 0.994959 0.994959 0.994959 0.994959 
0.994959 0.994959 2.98488 6.68631 1.98992 2.98488 0.994959 0.994959 0.994959 0.994959 
0.994959 0.994959 2.98488 6.68631 1.98992 2.98488 0.994959 0.994959 0.994959 0.994959 
0.994959 0.994959 2.98488 6.68631 1.98992 2.98488 0.994959 0.994959 0.994959 0.994959 
0.994959 0.994959 2.98488 6.68631 1.98992 2.98488 0.994959 0.994959 0.994959 0.994959 
0.994959 0.994959 2.98488 6.68631 1.98992 2.98488 0.994959 0.994959 0.994959 0.994959 
0.994959 0.994959 2.98488 6.68631 1.98992 2.98488 0.994959 0.994959 0.994959 0.994959 
0.994959 0.994959 2.98488 6.68631 1.98992 2.98488 0.994959 0.994959 0.994959 0.994959 
