537023 290165 788319 852378 1.36195e+06 781146 691276 836899 901791 395046 
121623 125826 135198 228949 138953 116588 88323.6 107180 128473 178081 
2610.77 2633.26 1900.71 11837.8 2892.08 3463.64 1351.3 4411.62 2466.29 11406.1 
13.2736 19.6129 12.6091 16.6739 34.3413 12.3635 16.5773 19.2467 13.2449 17.8444 
5.07738 7.82265 6.07372 6.56839 16.2015 5.98656 8.00441 8.9987 4.76722 5.63464 
4.76603 4.72142 4.48572 4.47015 12.0586 4.648 4.6748 4.67464 4.55973 4.71512 
4.68677 4.72142 4.47015 4.47015 9.51697 4.64714 4.47019 4.64714 4.48537 4.47015 
4.6606 4.72142 4.47015 4.47015 9.41022 4.64714 4.47015 4.64714 4.47404 4.47015 
4.66036 4.72142 4.47015 4.47015 8.82458 4.64714 4.47015 4.64714 4.47015 4.47015 
4.66017 4.72142 4.47015 4.47015 8.72103 4.64714 4.47015 4.64714 4.47015 4.47015 
4.66015 4.72142 4.47015 4.47015 8.63227 4.64714 4.47015 4.64714 4.47015 4.47015 
4.66015 4.72142 4.47015 4.47015 8.20971 4.64714 4.47015 4.64714 4.47015 4.47015 
4.66015 4.72142 4.47015 4.47015 8.17814 4.64714 4.47015 4.64714 4.47015 4.47015 
4.66015 4.72142 4.47015 4.47015 8.09656 4.64714 4.47015 4.64714 4.47015 4.47015 
