76.4451 88.9445 75.4761 82.9179 91.9505 87.6563 93.7084 88.4477 81.3614 93.7418 
4.18529 3.24832 3.90091 3.35443 3.39618 3.76001 3.8233 3.10473 2.8423 2.68471 
0.00576468 0.00507099 0.00602163 0.00405755 0.00802581 0.00498573 0.00512667 0.00512531 0.00528303 0.00508653 
0 0 0 0 0 0 0 0 0 0 
0 0 0 0 0 0 0 0 0 0 
0 0 0 0 0 0 0 0 0 0 
0 0 0 0 0 0 0 0 0 0 
0 0 0 0 0 0 0 0 0 0 
0 0 0 0 0 0 0 0 0 0 
0 0 0 0 0 0 0 0 0 0 
0 0 0 0 0 0 0 0 0 0 
0 0 0 0 0 0 0 0 0 0 
0 0 0 0 0 0 0 0 0 0 
0 0 0 0 0 0 0 0 0 0 
