620.973 620.991 432.414 337.119 497.773 495.798 616.367 641.546 482.258 516.688 
613.387 594.26 429.623 322.176 487.868 486.506 608.955 633.31 478.762 515.053 
613.377 594.243 429.341 322.168 487.853 486.479 608.946 633.309 478.756 515.048 
613.374 594.236 429.296 322.168 487.849 486.476 608.945 633.309 478.755 515.046 
613.372 594.231 429.241 322.168 487.849 486.476 608.944 633.308 478.754 515.045 
613.371 594.231 429.21 322.168 487.849 486.476 608.944 633.308 478.754 515.045 
613.371 594.231 429.205 322.168 487.849 486.476 608.944 633.308 478.754 515.045 
613.371 594.231 429.204 322.168 487.849 486.476 608.944 633.308 478.754 515.045 
613.371 594.231 429.204 322.168 487.849 486.476 608.943 633.308 478.754 515.045 
613.371 594.231 429.204 322.168 487.849 486.476 608.943 633.308 478.754 515.045 
613.371 594.231 429.204 322.168 487.849 486.476 608.943 633.308 478.754 515.045 
613.371 594.231 429.204 322.168 487.849 486.476 608.943 633.308 478.754 515.045 
613.371 594.231 429.204 322.168 487.849 486.476 608.943 633.308 478.754 515.045 
613.371 594.231 429.204 322.168 487.849 486.476 608.943 633.308 478.754 515.045 
