22.3096 11.855 21.5567 15.9522 19.3159 22.7273 17.1435 14.478 20.8953 20.0533 
22.3096 11.855 21.5567 15.9522 19.3159 22.7273 17.1435 14.478 20.8953 20.0533 
22.3096 11.855 21.5567 15.9522 19.3159 22.7273 17.1435 14.478 20.8953 20.0533 
22.3096 11.855 21.5567 15.9522 19.3159 22.7273 17.1435 14.478 20.8953 20.0533 
22.3096 11.855 21.5567 15.9522 19.3159 22.7273 17.1435 14.478 20.8953 20.0533 
22.3096 11.855 21.5567 15.9522 19.3159 22.7273 17.1435 14.478 20.8953 20.0533 
22.3096 11.855 21.5567 15.9522 19.3159 22.7273 17.1435 14.478 20.8953 20.0533 
22.3096 11.855 21.5567 15.9522 19.3159 22.7273 17.1435 14.478 20.8953 20.0533 
22.3096 11.855 21.5567 15.9522 19.3159 22.7273 17.1435 14.478 20.8953 20.0533 
22.3096 11.855 21.5567 15.9522 19.3159 22.7273 17.1435 14.478 20.8953 20.0533 
22.3096 11.855 21.5567 15.9522 19.3159 22.7273 17.1435 14.478 20.8953 20.0533 
22.3096 11.855 21.5567 15.9522 19.3159 22.7273 17.1435 14.478 20.8953 20.0533 
22.3096 11.855 21.5567 15.9522 19.3159 22.7273 17.1435 14.478 20.8953 20.0533 
22.3096 11.855 21.5567 15.9522 19.3159 22.7273 17.1435 14.478 20.8953 20.0533 
