715.378 258.893 1051.63 979.539 727.414 156.561 1005.48 578.687 1008.16 581.004 
8.01692 9.75577 6.41604 9.25858 8.11937 7.0015 6.49417 10.2796 9.94081 9.78305 
4.76033 5.56082 6.11402 4.75702 5.17692 6.24488 4.19272 6.40083 4.32981 3.95501 
2.25115 2.47034 1.98794 2.32533 2.66122 1.89331 2.29768 2.28063 1.88445 2.03901 
1.47205 1.30709 1.79085 1.38876 1.50064 1.53776 1.61576 1.53232 1.49927 1.3764 
1.17618 1.20408 1.21665 1.1691 1.19318 1.22939 1.25257 1.11404 1.17752 1.25698 
1.15396 1.16575 1.19177 1.16157 1.03948 1.06776 1.11009 1.09859 1.11831 1.18217 
1.10055 1.10849 1.12037 1.11367 1.0387 1.06463 1.08925 1.08538 1.08354 1.10458 
1.10055 1.1066 1.09909 1.1133 1.0386 1.06462 1.08915 1.08537 1.08315 1.0408 
1.10055 1.1066 1.09907 1.11324 1.03859 1.06458 1.08881 1.08527 1.08315 1.0408 
1.10055 1.1066 1.09907 1.11324 1.03848 1.06458 1.08881 1.08527 1.08291 1.0408 
1.10055 1.1066 1.09907 1.11324 1.03848 1.06458 1.08881 1.08527 1.08291 1.0408 
1.10055 1.1066 1.09907 1.11324 1.03848 1.06458 1.08881 1.08527 1.08291 1.0408 
1.10055 1.1066 1.09907 1.11324 1.03848 1.06458 1.08881 1.08527 1.08291 1.0408 
