9669.91 9341.98 7819.26 7810.81 6637.63 4702.62 6120.48 8478.27 4774.76 6775.5 
4872.93 7852.31 4738.36 7810.81 5821.43 4702.62 5969.25 6604.69 4774.76 6775.5 
4872.93 5183.03 4445.31 5601.69 5821.43 4702.62 5013.62 6174.23 4625.21 5365.74 
2480.96 3889.59 3179.37 4117.58 3948.69 2897.96 3374.54 2208.3 3892.62 3207.17 
1616.35 1565.4 1280.1 2003.62 1799.5 1502.15 1664.4 1755.55 1607.22 1192.2 
722.737 703.608 731.798 645.794 761.067 677.728 812.946 662.811 657.209 641.476 
488.727 501.886 497.351 495.775 510.933 504.268 487.219 491.324 470.022 482.573 
433.536 426.525 429.771 422.042 426.122 427.234 426.59 428.286 423.793 423.814 
398.646 398.708 399.934 396.891 400.192 397.5 397.124 395.936 393.955 395.932 
386.992 387.464 386.375 385.448 385.94 384.83 385.105 387.053 381.934 382.973 
381.663 381.086 381.595 381.281 381.919 381.253 381.089 382.022 380.121 380.56 
379.678 379.545 379.596 379.568 379.962 379.36 379.599 379.4 379.206 379.296 
378.822 378.948 378.889 378.894 379.097 378.807 379.061 378.965 378.719 378.817 
378.641 378.619 378.685 378.701 378.706 378.65 378.703 378.711 378.607 378.611 
