5468.96 4006.36 4634.53 5031.08 4614.09 4986.15 9441.46 6558.04 7418.18 4447.22 
29.315 28.2588 29.2159 28.8012 28.0459 28.7708 29.1909 28.0128 28.3492 28.6386 
26.139 25.6347 26.0082 26.4056 24.5595 26.0069 25.62 25.1917 25.7056 26.238 
24.6711 24.2676 24.539 24.7028 23.3234 24.3893 24.2083 23.9833 24.2161 24.7113 
21.4595 21.2653 21.1808 21.3301 19.951 21.025 20.9849 20.7394 20.8452 21.6936 
15.6594 15.4965 15.3158 15.639 14.672 15.0915 15.2873 14.8761 14.9981 15.658 
11.7565 11.9521 11.7844 11.9639 11.0098 11.4633 11.6953 11.1318 11.5464 11.8965 
8.14451 8.43832 8.1898 8.29345 7.37981 8.10993 8.44684 7.56802 8.24876 8.48343 
4.36 4.8683 4.67294 4.6939 3.80352 4.41495 4.98785 4.09662 4.73227 4.86722 
1.24884 1.62762 1.42573 1.55871 0.772292 1.27089 1.68744 1.06473 1.51402 1.57348 
0.325517 0.356024 0.326927 0.351877 0.257115 0.331939 0.384337 0.297264 0.3795 0.3611 
0.151445 0.161367 0.149371 0.162794 0.129505 0.155962 0.174733 0.143277 0.165812 0.163678 
0.083749 0.0884222 0.0837626 0.0912482 0.0746259 0.0871818 0.0929751 0.0793224 0.0906404 0.0919032 
0.0506765 0.0524592 0.0501675 0.0544547 0.0454042 0.0516309 0.0556363 0.0480762 0.0542329 0.054715 
