54.3402 37.8826 39.838 38.5532 44.7265 48.6639 47.6981 41.3504 41.3402 45.5951 
13.3687 20.8874 16.4067 14.6798 19.5137 20.1149 13.7526 13.5357 12.8896 22.316 
3.25493 1.658 1.67142 2.88617 4.07399 2.23816 2.1001 2.32178 2.12241 4.77329 
0.0119422 0.0059308 0.0115826 0.0161427 0.0166939 0.010482 0.0157289 0.00725428 0.00926423 0.0152794 
0 0 0 0 0 0 0 0 0 0 
0 0 0 0 0 0 0 0 0 0 
0 0 0 0 0 0 0 0 0 0 
0 0 0 0 0 0 0 0 0 0 
0 0 0 0 0 0 0 0 0 0 
0 0 0 0 0 0 0 0 0 0 
0 0 0 0 0 0 0 0 0 0 
0 0 0 0 0 0 0 0 0 0 
0 0 0 0 0 0 0 0 0 0 
0 0 0 0 0 0 0 0 0 0 
