179042 155318 55635.5 78445.1 68996.4 91019.2 47175 36302.7 79787.2 70953.1 
3.96672 17.123 0.0395138 1.60882 0.0435513 0.0502495 0.0417858 0.0209725 0.0204741 0.416813 
5.35918e-06 2.69018e-05 0 5.31818e-07 3.63801e-08 3.96989e-08 1.82899e-08 1.66494e-08 1.34765e-08 1.30257e-07 
0 0 0 0 0 0 0 0 0 0 
0 0 0 0 0 0 0 0 0 0 
0 0 0 0 0 0 0 0 0 0 
0 0 0 0 0 0 0 0 0 0 
0 0 0 0 0 0 0 0 0 0 
0 0 0 0 0 0 0 0 0 0 
0 0 0 0 0 0 0 0 0 0 
0 0 0 0 0 0 0 0 0 0 
0 0 0 0 0 0 0 0 0 0 
0 0 0 0 0 0 0 0 0 0 
0 0 0 0 0 0 0 0 0 0 
