3014.53 3482.09 2232.15 2157.39 2410.72 2541.81 2598.88 2639.37 2466.27 3424.07 
2551.01 2338.32 2232.15 2157.39 2410.72 2433.17 2217.21 2590.98 2238.2 2345.57 
2261.08 2309.52 2232.15 2157.39 2198.26 2290.68 2000.67 2111.94 1986.89 2038.17 
1993.57 1707.2 1857.5 1922.2 1898.81 1568.16 1762.98 1882.66 1883.06 1916.57 
1441.31 1614.19 1346.83 1565.16 1659.77 1568.16 1548.98 1494.94 1411.12 1820.13 
1243.12 1460.7 1346.83 1294.79 1062.57 1385.28 1526.81 1400.44 1399.15 1260.09 
1153.66 1283.99 1285.6 1075.45 1025.74 1224.96 1223.98 1252.19 1230.86 1260.09 
486.338 951.233 1106.05 350.665 786.104 1099.07 1223.98 1252.19 228.164 1260.09 
471.344 364.434 1106.05 344.354 531.514 345.65 757.715 1220.93 177.933 1260.09 
462.571 358.305 888.582 344.259 520.102 299.475 225.882 1220.93 177.933 1234.86 
456.324 354.582 390.875 335.841 511.156 290.21 225.882 1220.93 177.485 781.606 
456.324 354.582 383.606 335.841 511.156 279.831 223.116 1120.71 164.301 781.606 
456.324 354.098 372.554 330.933 503.256 279.831 223.116 962.554 164.301 430.999 
456.324 354.098 372.554 330.933 484.061 279.831 223.116 342.281 164.301 378.929 
