2.95246e+10 3.53522e+10 3.26838e+10 2.3524e+10 2.62864e+10 2.45384e+10 3.31788e+10 3.25773e+10 3.38324e+10 2.6378e+10 
2.8693e+07 2.01926e+07 2.72339e+07 1.80898e+07 2.34187e+07 2.14768e+07 2.72753e+07 2.70887e+07 2.26191e+07 2.23827e+07 
49.2967 45.7099 70.6809 32.0668 28.6106 51.2657 52.6033 40.3387 31.1641 40.9921 
0 6.56595e-08 2.81001e-07 2.38538e-06 2.9689e-08 0 0 9.16207e-08 0 0 
0 6.44035e-08 2.75043e-07 2.30578e-06 1.76785e-08 0 0 8.6429e-08 0 0 
0 6.02831e-08 2.52792e-07 1.90117e-06 0 0 0 8.27057e-08 0 0 
0 3.86203e-08 2.36309e-07 1.82559e-06 0 0 0 6.88499e-08 0 0 
0 3.30468e-08 2.22068e-07 1.72169e-06 0 0 0 1.59978e-08 0 0 
0 3.04172e-08 2.07563e-07 1.44323e-06 0 0 0 1.50163e-08 0 0 
0 1.50327e-08 1.86777e-07 7.20114e-07 0 0 0 1.32536e-08 0 0 
0 1.37764e-08 1.38386e-07 3.99742e-07 0 0 0 1.19896e-08 0 0 
0 0 1.3221e-07 2.58934e-07 0 0 0 1.13539e-08 0 0 
0 0 1.22214e-07 2.26507e-07 0 0 0 1.07017e-08 0 0 
0 0 1.09633e-07 1.57587e-07 0 0 0 0 0 0 
