18128.6 15054.4 14408.2 19453.6 15783.9 12952.1 14787.8 13501.5 17596.5 17983.9 
12.082 11.7941 11.7589 8.31196 16.7807 13.0453 12.3378 6.63162 11.8454 10.7744 
2.02917e-06 6.2143e-07 6.91409e-07 5.11553e-07 7.14508e-07 1.17037e-06 5.7953e-07 1.26776e-06 1.68205e-06 1.02448e-06 
0 0 0 0 0 0 0 0 0 0 
0 0 0 0 0 0 0 0 0 0 
0 0 0 0 0 0 0 0 0 0 
0 0 0 0 0 0 0 0 0 0 
0 0 0 0 0 0 0 0 0 0 
0 0 0 0 0 0 0 0 0 0 
0 0 0 0 0 0 0 0 0 0 
0 0 0 0 0 0 0 0 0 0 
0 0 0 0 0 0 0 0 0 0 
0 0 0 0 0 0 0 0 0 0 
0 0 0 0 0 0 0 0 0 0 
