5.45492e+09 6.10624e+09 4.3821e+09 4.01765e+09 8.4148e+09 8.44241e+09 7.27623e+09 7.57343e+09 5.81516e+09 5.64989e+09 
4.50901e+09 6.10624e+09 3.51621e+09 4.01765e+09 4.67802e+09 6.08744e+09 5.55143e+09 7.03209e+09 5.75972e+09 5.64989e+09 
3.72115e+09 5.1028e+09 3.51621e+09 4.01765e+09 4.67802e+09 5.18648e+09 5.55143e+09 4.91389e+09 3.92144e+09 4.7373e+09 
3.72115e+09 3.72853e+09 2.99029e+09 3.51406e+09 4.04588e+09 3.97306e+09 4.74451e+09 4.53592e+09 3.27001e+09 3.41894e+09 
2.57489e+09 2.23441e+09 1.91963e+09 2.28586e+09 2.69762e+09 2.79829e+09 2.20931e+09 2.61343e+09 2.60768e+09 1.78688e+09 
1.24962e+09 1.55665e+09 1.14201e+09 1.73605e+09 1.21903e+09 1.32746e+09 1.11191e+09 1.06268e+09 1.41563e+09 1.47683e+09 
1.16245e+09 1.29215e+09 9.49178e+08 1.18721e+09 1.21903e+09 1.16541e+09 9.26939e+08 9.72117e+08 1.18711e+09 1.06768e+09 
8.11558e+08 8.49324e+08 5.24662e+08 1.13879e+09 9.99999e+08 6.86244e+08 8.25961e+08 7.44819e+08 7.88575e+08 7.12785e+08 
6.96817e+08 5.98274e+08 4.87246e+08 7.74436e+08 8.6755e+08 6.50644e+08 6.91069e+08 6.17927e+08 7.88575e+08 6.58418e+08 
5.91676e+08 5.70488e+08 3.35075e+08 6.36495e+08 5.71725e+08 4.91885e+08 5.24443e+08 4.52653e+08 5.92377e+08 4.48927e+08 
4.0576e+08 4.14954e+08 2.65931e+08 6.02728e+08 3.83976e+08 2.58051e+08 3.83636e+08 3.67057e+08 3.78007e+08 3.55401e+08 
3.46726e+08 3.47755e+08 9.43702e+07 2.88805e+08 3.35511e+08 2.58051e+08 3.11803e+08 2.9632e+08 3.471e+08 2.3643e+08 
2.45756e+08 2.00432e+08 9.43702e+07 2.78018e+08 2.25475e+08 1.87345e+08 2.20158e+08 2.44671e+08 2.49762e+08 1.95019e+08 
1.72464e+08 2.00432e+08 9.43702e+07 2.33381e+08 1.74897e+08 1.70113e+08 1.88752e+08 1.67952e+08 2.40015e+08 1.46879e+08 
