1418.1 1397.84 1138.8 653.269 1357.23 5036.46 2074.45 1106.95 2500.11 4337.26 
21.0982 22.5684 21.9268 21.1629 20.9268 23.2799 21.3001 22.1295 22.7787 23.4191 
20.5966 21.6173 21.1553 20.2231 20.5093 20.8606 20.3534 21.2127 20.8984 21.2193 
20.5484 21.5479 21.0427 20.0551 20.2478 20.5089 20.1818 21.0651 20.0776 20.4357 
20.5484 21.5478 21.0404 20.0437 20.2176 20.4892 20.1438 20.9972 20.0714 20.4331 
20.5484 21.5478 21.0404 20.0437 20.2176 20.4892 20.1438 20.9972 20.0714 20.4331 
20.5484 21.5478 21.0404 20.0437 20.2176 20.4892 20.1438 20.9972 20.0714 20.4331 
20.5484 21.5478 21.0404 20.0437 20.2176 20.4892 20.1438 20.9972 20.0714 20.4331 
20.5484 21.5478 21.0404 20.0437 20.2176 20.4892 20.1438 20.9972 20.0714 20.4331 
20.5484 21.5478 21.0404 20.0437 20.2176 20.4892 20.1438 20.9972 20.0714 20.4331 
20.5484 21.5478 21.0404 20.0437 20.2176 20.4892 20.1438 20.9972 20.0714 20.4331 
20.5484 21.5478 21.0404 20.0437 20.2176 20.4892 20.1438 20.9972 20.0714 20.4331 
20.5484 21.5478 21.0404 20.0437 20.2176 20.4892 20.1438 20.9972 20.0714 20.4331 
20.5484 21.5478 21.0404 20.0437 20.2176 20.4892 20.1438 20.9972 20.0714 20.4331 
