108.31 14.8102 65.4027 134.634 55.3856 21.1104 148.206 47.1545 146.104 51.473 
108.31 14.8102 65.4027 134.634 55.3856 21.1104 148.206 47.1545 146.104 51.473 
108.31 14.8102 65.4027 134.634 55.3856 21.1104 148.206 47.1545 125.725 51.473 
108.31 14.8102 65.4027 134.634 55.3856 21.1104 148.206 47.1545 124.871 51.473 
108.31 14.8102 65.4027 134.634 55.3856 21.1104 148.206 47.1545 124.87 51.473 
108.31 14.8102 65.4027 134.634 55.3856 21.1104 148.206 47.1545 124.87 51.473 
108.31 14.8102 65.4027 134.634 55.3856 21.1104 148.206 47.1545 124.87 51.473 
108.31 14.8102 65.4027 134.634 55.3856 21.1104 148.206 47.1545 124.87 51.473 
108.31 14.8102 65.4027 134.634 55.3856 21.1104 148.206 47.1545 124.87 51.473 
108.31 14.8102 65.4027 134.634 55.3856 21.1104 148.206 47.1545 124.87 51.473 
108.31 14.8102 65.4027 134.634 55.3856 21.1104 148.206 47.1545 124.87 51.473 
108.31 14.8102 65.4027 134.634 55.3856 21.1104 148.206 47.1545 124.87 51.473 
108.31 14.8102 65.4027 134.634 55.3856 21.1104 148.206 47.1545 124.87 51.473 
108.31 14.8102 65.4027 134.634 55.3856 21.1104 148.206 47.1545 124.87 51.473 
