259.484 270.687 271.511 274.35 275.798 282.356 273.554 266.969 171.594 278.546 
259.484 252.784 259.714 265.77 268.094 267.008 259.351 257.087 149.277 270.815 
259.484 252.784 255.101 255.331 243.156 261.369 250.729 255.107 125.101 251.548 
249.861 252.784 252.177 189.012 240.214 251.22 245.521 238.28 104.354 245.488 
238.958 246.185 235.521 101.588 240.214 250.073 233.67 238.28 100.275 242.032 
232.073 234.181 235.314 100 235.338 236.133 224.678 224.043 100 219.107 
232.073 234.181 221.071 100 231.328 236.133 224.678 224.043 100 208.137 
214.309 226.755 221.071 100 231.328 235.785 212.698 204.159 100 208.137 
214.08 226.755 221.071 100 214.552 235.293 209.118 204.143 100 208.137 
214.08 208.923 218.128 100 214.552 235.293 209.118 204.143 100 208.137 
214.08 205.61 212.113 100 214.552 215.076 209.118 204.143 100 208.137 
214.08 205.61 212.113 100 214.552 215.076 209.118 204.143 100 208.137 
214.08 205.61 212.113 100 214.552 215.076 209.118 204.143 100 208.137 
214.08 205.61 212.113 100 214.552 215.076 209.118 204.143 100 208.137 
