958617 631728 1.00707e+06 891078 893222 931876 173334 610430 1.1694e+06 790264 
159405 65341.8 131349 428501 274278 76184.1 63922.7 66853 156360 199318 
5996.19 22141.9 8871.31 25644.4 4785.69 8785.01 7625.48 4291.95 12924.5 17066.8 
23.6591 26.6696 20.8137 140.685 27.6311 15.1563 109.446 14.1073 20.7139 17.882 
8.414 8.14319 7.66577 50.6069 7.94701 6.49581 18.3244 8.94194 8.90508 7.63254 
4.83714 4.83714 4.28015 15.9851 4.28035 4.28015 4.28126 5.02714 1.98992 5.02714 
4.83714 4.83714 4.28015 4.28015 4.28015 4.28015 4.28015 5.02714 1.98992 5.02714 
4.83714 4.83714 4.28015 4.28015 4.28015 4.28015 4.28015 5.02714 1.98992 5.02714 
4.83714 4.83714 4.28015 4.28015 4.28015 4.28015 4.28015 5.02714 1.98992 5.02714 
4.83714 4.83714 4.28015 4.28015 4.28015 4.28015 4.28015 5.02714 1.98992 5.02714 
4.83714 4.83714 4.28015 4.28015 4.28015 4.28015 4.28015 5.02714 1.98992 5.02714 
4.83714 4.83714 4.28015 4.28015 4.28015 4.28015 4.28015 5.02714 1.98992 5.02714 
4.83714 4.83714 4.28015 4.28015 4.28015 4.28015 4.28015 5.02714 1.98992 5.02714 
4.83714 4.83714 4.28015 4.28015 4.28015 4.28015 4.28015 5.02714 1.98992 5.02714 
