5.37002 5.15368 4.59627 10.6179 6.38658 3.17912 7.14059 5.73068 5.45998 6.71497 
5.37002 5.15368 4.59627 10.6179 6.38658 3.17912 7.14059 5.73068 5.45998 6.71497 
5.37002 5.15368 4.59627 10.6179 6.38658 3.17912 7.14059 5.73068 5.45998 6.71497 
5.37002 5.15368 4.59627 10.6179 6.38658 3.17912 7.14059 5.73068 5.45998 6.71497 
5.37002 5.15368 4.59627 10.6179 6.38658 3.17912 7.14059 5.73068 5.45998 6.71497 
5.37002 5.15368 4.59627 10.6179 6.38658 3.17912 7.14059 5.73068 5.45998 6.71497 
5.37002 5.15368 4.59627 10.6179 6.38658 3.17912 7.14059 5.73068 5.45998 6.71497 
5.37002 5.15368 4.59627 10.6179 6.38658 3.17912 7.14059 5.73068 5.45998 6.71497 
5.37002 5.15368 4.59627 10.6179 6.38658 3.17912 7.14059 5.73068 5.45998 6.71497 
5.37002 5.15368 4.59627 10.6179 6.38658 3.17912 7.14059 5.73068 5.45998 6.71497 
5.37002 5.15368 4.59627 10.6179 6.38658 3.17912 7.14059 5.73068 5.45998 6.71497 
5.37002 5.15368 4.59627 10.6179 6.38658 3.17912 7.14059 5.73068 5.45998 6.71497 
5.37002 5.15368 4.59627 10.6179 6.38658 3.17912 7.14059 5.73068 5.45998 6.71497 
5.37002 5.15368 4.59627 10.6179 6.38658 3.17912 7.14059 5.73068 5.45998 6.71497 
