500.002 477.063 482.532 479.731 482.307 481.464 492.163 500.002 448.912 473.099 
500.002 477.063 482.532 479.731 482.307 481.464 492.163 500.002 448.912 473.099 
500.002 477.063 482.532 479.731 482.307 481.464 492.163 500.002 448.912 473.099 
500.002 477.063 482.532 479.731 482.307 481.464 492.163 500.002 448.912 473.099 
500.002 477.063 482.532 479.731 482.307 481.464 492.163 500.002 448.912 473.099 
500.002 477.063 482.532 479.731 482.307 481.464 492.163 500.002 448.912 473.099 
500.002 477.063 482.532 479.731 482.307 481.464 492.163 500.002 432.553 473.099 
500.002 477.063 482.532 375.18 482.307 481.464 492.163 500.002 432.553 473.099 
500.002 477.063 482.532 370.621 482.307 481.464 373.276 500.002 432.553 459.823 
500.002 477.063 482.532 370.621 482.307 481.464 370.621 500.002 392.749 380.381 
500.001 477.063 482.532 370.621 482.307 412.619 370.621 500.001 392.749 380.381 
500.001 477.063 482.532 370.621 482.307 412.619 370.621 500.001 392.749 380.381 
500.001 477.063 482.532 370.621 482.307 412.619 370.621 500.001 392.749 380.381 
500.001 477.063 482.532 370.621 482.307 412.619 370.621 500.001 392.749 380.381 
