23132.9 6589.12 17132.7 26922.3 11528.9 19833.2 12027.2 23063.5 4847.34 10530.6 
3068.56 1245.8 2608.71 4885.76 3139.87 5476.84 3574.47 7049.55 1579.21 3474.28 
1131.64 570.836 975.026 1366.58 1019.68 1674.72 1175.6 1560.07 412.244 1187.91 
82.5711 43.4743 62.1172 61.6241 58.3913 77.822 78.9055 138.718 36.3724 52.8809 
11.2987 8.1166 6.32407 6.70402 9.15919 4.96704 10.8058 10.9937 9.39601 9.92306 
3.23242 0.632623 0.124856 2.56967 0.486864 0.087466 3.13191 0.735792 1.07179 0.435528 
0.0909794 0.0220654 0.0149591 0.0246284 0.0171295 0.0037466 0.0776452 0.024586 0.0263703 0.00462216 
0.00166868 0.00460225 0.00560279 0.00289526 0.0008852 0.00221789 0.00382643 0.00181571 0.00155734 0.000377906 
0.000520758 0.00352817 0.00247735 0.00161844 0.000510927 0.0020502 0.000379625 0.000960152 0.000149731 9.67533e-05 
0.000483147 0.00347337 0.00247351 0.0015752 0.000505753 0.00203903 0.000321449 0.000931572 9.54271e-05 9.13485e-05 
0.000482151 0.00347122 0.00247334 0.00157452 0.000505143 0.00203843 0.000320202 0.00093059 9.37523e-05 9.11179e-05 
0.00048213 0.00347116 0.00247332 0.00157448 0.000505134 0.00203842 0.000320168 0.000930563 9.37477e-05 9.11144e-05 
0.000482126 0.00347115 0.00247331 0.00157447 0.000505129 0.00203841 0.000320163 0.000930557 9.37456e-05 9.11123e-05 
0.000482121 0.00347113 0.0024733 0.00157446 0.000505124 0.0020384 0.00032016 0.00093055 9.37434e-05 9.111e-05 
