6.0319 2.90095 4.63088 18.7777 25.677 3.82606 4.2265 54.74 2.42424 2.60178 
1.79949 1.88287 1.788 17.6716 12.882 1.45644 1.65046 51.5545 1.13737 2.05004 
1.66259 1.81966 1.68752 15.5829 12.8491 1.42033 1.5404 51.2086 0.358955 2.04298 
1.62755 1.26084 1.68682 12.3972 12.8477 1.41996 1.54 51.2028 0.299841 2.04296 
1.62752 0.858317 1.68682 12.3843 12.8477 1.41996 1.54 51.2028 0.299805 2.04296 
1.62752 0.858317 1.68682 12.3843 12.8477 1.41996 1.54 51.2028 0.269069 2.04296 
1.62752 0.858317 1.68682 12.3843 12.8477 1.41996 1.54 51.2028 0.269069 2.04296 
1.62752 0.858317 1.68682 12.3843 12.8477 1.41996 1.54 51.2028 0.269069 2.04296 
1.62752 0.858317 1.68682 12.3843 12.8477 1.41996 1.54 51.2028 0.269069 2.04296 
1.62752 0.858317 1.68682 12.3843 12.8477 1.41996 1.54 51.2028 0.269069 2.04296 
1.62752 0.858317 1.68682 12.3843 12.8477 1.41996 1.54 51.2028 0.269069 2.04296 
1.62752 0.858317 1.68682 12.3843 12.8477 1.41996 1.54 51.2028 0.269069 2.04296 
1.62752 0.858317 1.68682 12.3843 12.8477 1.41996 1.54 51.2028 0.269069 2.04296 
1.62752 0.858317 1.68682 12.3843 12.8477 1.41996 1.54 51.2028 0.269069 2.04296 
