314.11 641.871 465.787 316.507 548.744 477.792 531.487 371.886 313.597 453.386 
300.135 618.928 462.32 300.151 479.707 472.63 529.737 300.728 300.12 440.353 
300.002 618.891 462.314 300.002 479.598 472.63 529.736 300.008 300.001 440.344 
300 618.891 462.314 300 479.598 472.63 529.736 300 300 440.344 
300 618.891 462.314 300 479.598 472.63 529.736 300 300 440.344 
300 618.891 462.314 300 479.598 472.63 529.736 300 300 440.344 
300 618.891 462.314 300 479.598 472.63 529.736 300 300 440.344 
300 618.891 462.314 300 479.598 472.63 529.736 300 300 440.344 
300 618.891 462.314 300 479.598 472.63 529.736 300 300 440.344 
300 618.891 462.314 300 479.598 472.63 529.736 300 300 440.344 
300 618.891 462.314 300 479.598 472.63 529.736 300 300 440.344 
300 618.891 462.314 300 479.598 472.63 529.736 300 300 440.344 
300 618.891 462.314 300 479.598 472.63 529.736 300 300 440.344 
300 618.891 462.314 300 479.598 472.63 529.736 300 300 440.344 
