548.344 1030.31 900.157 821.279 1190.51 1125.28 1063.91 815.931 776.284 1174.34 
548.344 1030.31 900.157 821.279 1190.51 1125.28 1063.91 815.931 776.284 1174.34 
548.344 1030.31 900.157 821.279 1190.51 1125.28 1063.91 815.931 776.284 1174.34 
548.344 1030.31 900.157 821.279 1190.51 1125.28 1063.91 815.931 776.284 1174.34 
548.344 1030.31 900.157 821.279 1190.51 1125.28 1063.91 815.931 776.284 1174.34 
548.344 1030.31 900.157 821.279 1190.51 1125.28 1063.91 815.931 776.284 1174.34 
548.344 1030.31 900.157 821.279 1190.51 1125.28 1063.91 815.931 776.284 1174.34 
548.344 1030.31 900.157 821.279 1190.51 1125.28 1063.91 815.931 776.284 1174.34 
548.344 1030.31 900.157 821.279 1190.51 1125.28 1063.91 815.931 776.284 1174.34 
548.344 1030.31 900.157 821.279 1190.51 1125.28 1063.91 815.931 776.284 1174.34 
548.344 1030.31 900.157 821.279 1190.51 1125.28 1063.91 815.931 776.284 1174.34 
548.344 1030.31 900.157 821.279 1190.51 1125.28 1063.91 815.931 776.284 1174.34 
548.344 1030.31 900.157 821.279 1190.51 1125.28 1063.91 815.931 776.284 1174.34 
548.344 1030.31 900.157 821.279 1190.51 1125.28 1063.91 815.931 776.284 1174.34 
