8.72248e+08 8.77453e+08 8.41124e+08 8.91678e+08 1.00388e+09 7.35285e+08 1.01978e+09 9.22227e+08 6.91525e+08 9.21484e+08 
3.68043e+07 2.83388e+07 2.33195e+07 1.39709e+07 2.62689e+07 2.05753e+07 2.90792e+07 1.72366e+07 3.53239e+07 2.3372e+07 
35322.8 15546.7 25628.2 14208.6 6863.46 17092.2 19202.3 13852.6 38643 39004.6 
404.597 270.165 990.814 551.919 667.002 4959.3 586.251 512.974 5142.71 5350.24 
350.135 193.787 950.124 513.773 77.1179 35.7247 484.611 29.597 5070.16 32.8874 
339.493 192.741 904.808 511.405 76.6787 27.2395 311.812 25.0284 5033.18 21.1527 
327.569 192.058 798.649 508.406 76.2396 27.2012 310.815 25.0131 4919.51 21.13 
308.926 191.474 763.63 506.176 75.8755 27.1474 309.388 24.9989 4849.24 21.1128 
279.368 191.051 689.457 503.422 75.6891 27.0917 308.613 24.9804 4831.8 21.0998 
80.4966 190.159 29.6687 500.48 75.5015 27.0315 307.06 24.967 4814.79 21.0864 
80.2527 189.512 24.8367 496.802 75.3588 26.9697 306.19 24.9513 4794.73 21.072 
80.0623 189.036 24.8188 492.852 75.1954 26.9211 305.328 24.9309 4782.27 21.0498 
79.8279 188.37 24.8041 489.995 74.9172 26.8396 304.401 24.9095 4765.67 21.0029 
79.5603 187.878 24.7871 486.62 74.7437 26.7799 303.506 24.8815 4752.12 20.9924 
