0.398275 0.225046 0.423782 0.384478 0.523975 0.332166 0.380238 0.274629 0.34339 0.754541 
6.45255e-05 4.10397e-05 6.0358e-05 0.00016725 5.09394e-05 5.65632e-05 7.0141e-05 6.02979e-05 5.80064e-05 0.00023157 
0 0 0 3.31875e-08 0 1.34276e-08 1.93453e-08 2.76901e-08 1.33957e-08 1.55192e-08 
0 0 0 0 0 0 0 0 0 0 
0 0 0 0 0 0 0 0 0 0 
0 0 0 0 0 0 0 0 0 0 
0 0 0 0 0 0 0 0 0 0 
0 0 0 0 0 0 0 0 0 0 
0 0 0 0 0 0 0 0 0 0 
0 0 0 0 0 0 0 0 0 0 
0 0 0 0 0 0 0 0 0 0 
0 0 0 0 0 0 0 0 0 0 
0 0 0 0 0 0 0 0 0 0 
0 0 0 0 0 0 0 0 0 0 
