8268.74 8542.43 8306.09 8372.36 8513.18 8255.59 8687.87 8932.55 8246.77 8440.23 
8262.86 7690.46 8306.09 7955.52 8513.18 8255.59 8261.25 8337.28 7610.19 8111.85 
8262.86 7690.46 7349.53 7955.52 8133.66 7834.16 8002.44 8135.37 7484.6 8111.85 
7582.88 7350.61 7349.53 7534.36 6692.22 7564.31 7135.65 7555.03 7484.6 7352.73 
2400.59 1409.92 2689.56 2121.22 1764.53 2109.93 2185.13 2334.42 2485.6 2241.78 
2400.59 1409.92 2689.56 2121.22 1764.53 2109.93 2185.13 2334.42 2485.6 2241.78 
2400.59 1409.92 2689.56 2121.22 1764.53 2109.93 2185.13 2334.42 2485.6 2241.78 
2400.59 1409.92 2689.56 2121.22 1764.53 2109.93 2185.13 2334.42 2485.6 2241.78 
2400.59 1409.92 2689.56 2121.22 1764.53 2109.93 2185.13 2334.42 2485.6 2241.78 
2400.59 1409.92 2689.56 2121.22 1764.53 2109.93 2185.13 2334.42 2485.6 2241.78 
2400.59 1409.92 2689.56 2121.22 1764.53 2109.93 2185.13 2334.42 2485.6 2241.78 
2400.59 1409.92 2689.56 2121.22 1764.53 2109.93 2185.13 2334.42 2485.6 2241.78 
2400.59 1409.92 2689.56 2121.22 1764.53 2109.93 2185.13 2334.42 2485.6 2241.78 
2400.59 1409.92 2689.56 2121.22 1764.53 2109.93 2185.13 2334.42 2485.6 2241.78 
