404.896 416.341 381.141 404.385 406.75 422.93 416.017 431.718 404.474 416.114 
398.884 402.264 381.141 394.891 392.575 401.857 397.589 396.901 401.368 407.996 
392.649 399.893 381.141 392.245 390.636 390.018 386.867 382.473 389.6 391.714 
380.854 382.594 381.141 371.648 384.297 367.599 382.811 380.437 378.866 390.344 
379.511 371.082 377.722 365.111 370.791 367.599 368.255 364.903 360.066 369.505 
341.791 371.082 362.391 365.111 370.791 366.295 368.255 342.33 360.066 362.901 
341.791 361.33 362.391 363.227 364.485 359.26 363.942 335.173 342.422 362.901 
341.791 336.231 352.183 336.547 338.899 359.26 347.605 335.173 342.422 353.163 
341.791 328.277 352.183 336.547 337.042 359.26 339.732 335.173 342.422 339.468 
341.791 328.277 335.467 336.547 337.042 359.26 339.732 335.173 342.422 339.468 
341.791 328.277 335.075 336.547 337.042 358.822 339.732 335.173 342.422 339.468 
341.791 328.277 335.075 336.547 337.042 348.813 339.732 335.173 342.422 339.468 
341.791 328.277 335.075 336.547 337.042 345.55 339.732 335.173 342.422 339.468 
341.791 328.277 335.075 336.547 337.042 340.065 339.732 335.173 342.422 339.468 
