527.657 361.569 370.027 475.439 443.358 492.509 428.008 422.693 530.103 512.997 
479.965 311.812 370.027 475.439 309.665 456.376 428.008 422.693 508.639 481.497 
450.949 311.812 370.027 475.439 309.665 430.291 415.073 413.376 345.508 431.003 
413.109 309.172 370.027 392.665 309.665 430.291 321.545 302.854 326.608 371.302 
312.137 275.338 288.996 295.942 265.713 346.447 292.748 275.696 313.41 290.728 
272.511 265.29 257.206 249.113 255.784 257.289 262.039 247.049 247.795 270.054 
256.483 245.499 250.703 244.181 225.703 226.3 248.679 228.41 247.795 255.891 
250.022 235.391 236.657 227.476 225.683 226.236 246.053 228.41 236.244 240.623 
236.986 235.391 236.657 227.476 225.683 226.236 226.645 228.41 226.062 235.304 
221.886 235.391 236.657 227.476 225.683 226.236 226.645 228.41 226.062 235.304 
221.886 235.391 236.657 227.476 225.683 226.236 226.645 228.41 226.062 235.304 
221.886 235.391 236.657 227.476 225.683 226.236 226.645 228.41 226.062 235.304 
221.886 235.391 236.657 227.476 225.683 226.236 226.645 228.41 226.062 235.304 
221.886 235.391 236.657 227.476 225.683 226.236 226.645 228.41 226.062 235.304 
