105.265 105.903 116.335 124.432 113.325 118.988 103.854 109.632 92.4902 98.7163 
51.8217 61.5053 79.2422 65.1307 78.3051 76.2439 76.7868 85.7143 72.4569 65.497 
51.8217 61.5053 56.536 54.3305 68.3945 72.3712 68.4378 72.9432 65.681 65.497 
51.8217 54.1457 56.536 54.3305 64.8116 61.8376 66.1956 55.6619 54.2044 60.2066 
51.8217 37.8157 52.309 50.0479 55.1649 45.0935 51.7888 44.5961 43.9009 37.8715 
40.4419 37.8157 38.974 48.6965 46.3748 40.2073 45.7313 43.8542 43.9009 37.8715 
40.4419 37.8157 38.974 48.6965 46.3748 35.7539 42.6297 36.6485 43.9009 37.8715 
35.8307 37.8157 22.1667 38.6781 35.7013 35.7539 32.1354 34.2452 25.1771 37.8715 
13.9317 35.1075 22.1667 27.9543 18.1116 35.7539 18.1183 34.2452 15.5575 37.8715 
13.9317 35.1075 22.1667 18.6784 18.1092 35.7539 18.1183 26.6207 15.5575 19.4558 
13.9317 35.1075 22.1667 18.6784 18.1092 30.6822 18.1183 26.6207 15.5575 19.4558 
13.9317 30.4765 22.1667 18.6784 18.1092 14.1865 18.1183 26.6207 15.5575 19.4558 
13.9317 30.4765 22.1667 18.6784 18.1092 14.1864 18.1183 26.6207 15.5575 19.4558 
13.9317 30.4765 22.1667 18.6784 18.1092 14.1864 18.1183 26.6207 15.5575 19.4558 
