1229.46 1193.14 1060.68 1279.35 1214.42 1114.4 1169.8 1234.2 1122.21 1166.66 
986.62 995.012 994.723 1038.15 934.633 1003.77 976.747 1096.72 863.262 993.764 
986.62 995.012 994.723 977.232 934.633 1003.77 892.938 975.614 819.105 915.457 
758.893 887.202 933.068 977.232 910.027 809.309 856.271 975.614 788.078 808.82 
758.893 755.364 769.274 678.413 739.612 809.309 847.763 729.563 596.14 780.789 
756.53 337.562 306.276 300.226 739.612 759.501 727.414 729.563 300 638.468 
604.957 300 300 300 300.37 354.035 325.084 334.609 300 300.038 
601.754 300 300 300 300 300 300 300 300 300 
300.001 300 300 300 300 300 300 300 300 300 
300 300 300 300 300 300 300 300 300 300 
300 300 300 300 300 300 300 300 300 300 
300 300 300 300 300 300 300 300 300 300 
300 300 300 300 300 300 300 300 300 300 
300 300 300 300 300 300 300 300 300 300 
