25.529 26.9156 26.7145 27.0788 25.779 26.7902 27.0119 25.4759 27.2817 27.2251 
23.5845 24.5517 24.4489 24.4787 23.7202 24.1532 24.1463 23.6539 24.8771 24.7113 
22.106 22.8724 22.8715 22.8247 22.028 22.6635 22.4324 21.8719 23.3439 22.5087 
18.7588 19.6225 18.9574 19.4978 18.3048 19.3731 18.9241 18.2187 19.6687 19.2407 
12.4895 12.2035 12.2813 12.5225 11.5406 12.2486 12.0493 11.6603 13.2036 12.4162 
3.08975 3.18826 3.36823 2.18851 2.00649 3.22011 2.04833 1.76101 3.3592 3.2805 
0.1326 0.165789 0.161698 0.133039 0.141131 0.130466 0.121955 0.126929 0.173782 0.149847 
0.0339823 0.0469491 0.0459137 0.0361382 0.0407372 0.0353341 0.0338077 0.0362937 0.0443799 0.039398 
0.010929 0.0159124 0.0148535 0.0118407 0.0133556 0.0124814 0.0119522 0.0113187 0.0138354 0.0130853 
0.00408654 0.00566194 0.0054154 0.00414354 0.00506188 0.00409434 0.00425539 0.00403755 0.00494843 0.00502606 
0.0016471 0.0020418 0.00211822 0.00158374 0.00184545 0.00137515 0.00169152 0.00164163 0.00178612 0.00194397 
0.000635889 0.000796864 0.000834988 0.000591821 0.000633933 0.00052398 0.000651767 0.00062317 0.000694625 0.000764085 
0.000240781 0.000320516 0.00032067 0.0002638 0.000263767 0.000213776 0.000260124 0.000242118 0.00026684 0.000298792 
9.14396e-05 0.000128374 0.00013283 0.000102498 0.000110283 9.00271e-05 0.000107332 9.34219e-05 0.000105007 0.00012348 
