416.515 500.002 500.002 401.429 456.04 411.483 413.703 500.002 421.932 399.92 
416.515 500.002 500.002 401.429 456.04 411.483 413.703 500.002 421.932 399.92 
416.515 500.002 500.002 401.429 456.04 411.483 413.703 500.002 421.932 399.92 
416.515 500.002 500.002 401.429 456.04 411.483 413.703 500.002 421.932 399.92 
416.515 500.002 500.002 401.429 456.04 411.483 413.703 500.002 421.932 399.92 
416.515 500.002 500.002 401.429 456.04 411.483 413.703 500.002 421.932 399.92 
416.515 500.002 500.002 401.429 456.04 411.483 413.703 500.002 421.932 399.92 
416.515 500.002 500.002 401.429 456.04 411.483 413.703 500.002 421.932 399.92 
416.515 500.002 500.002 401.429 456.04 411.483 413.703 500.002 421.932 399.92 
416.515 500.002 500.002 401.429 456.04 411.483 413.703 500.002 421.932 399.92 
416.515 500.002 500.002 401.429 456.04 411.483 413.703 500.002 421.932 399.92 
416.515 500.002 500.002 401.429 456.04 411.483 413.703 500.002 421.932 399.92 
416.515 500.002 500.002 401.429 456.04 411.483 413.703 500.002 421.932 399.92 
416.515 500.002 500.002 401.429 456.04 411.483 413.703 500.002 421.932 399.92 
