411.101 410.395 412.448 420.347 415.194 430.756 421.522 428.279 415.446 425.637 
381.678 396.037 393.154 394.116 396.434 387.915 391.117 398.463 331.493 390.806 
381.678 382.28 372.545 387.704 374.92 387.915 358.306 384.791 221.672 373.632 
365.636 373.418 358.596 366.597 368.117 368.706 358.306 369.534 100.044 365.79 
334.216 336.257 333.802 333.947 331.979 328.277 335.025 332.316 100 337.304 
334.15 336.236 333.794 333.947 331.977 328.277 335.019 332.316 100 336.642 
334.15 336.236 333.794 333.947 331.977 328.277 335.019 332.316 100 336.642 
334.15 336.236 333.794 333.947 331.977 328.277 335.019 332.316 100 336.642 
334.15 336.236 333.794 333.947 331.977 328.277 335.019 332.316 100 336.642 
334.15 336.236 333.794 333.947 331.977 328.277 335.019 332.316 100 336.642 
334.15 336.236 333.794 333.947 331.977 328.277 335.019 332.316 100 336.642 
334.15 336.236 333.794 333.947 331.977 328.277 335.019 332.316 100 336.642 
334.15 336.236 333.794 333.947 331.977 328.277 335.019 332.316 100 336.642 
334.15 336.236 333.794 333.947 331.977 328.277 335.019 332.316 100 336.642 
