2023.77 2218.57 2009.43 2090.5 2852.73 1804.59 2353.79 2714.42 2028.76 1866.22 
381.05 382.388 380.139 380.068 381.769 380.378 380.114 381.151 380.08 380.523 
378.304 378.413 378.274 378.258 378.35 378.286 378.315 378.283 378.266 378.293 
378.304 378.321 378.274 378.258 378.349 378.286 378.315 378.283 378.266 378.292 
378.304 378.321 378.274 378.258 378.349 378.286 378.315 378.283 378.266 378.292 
378.304 378.321 378.274 378.258 378.349 378.286 378.315 378.283 378.266 378.292 
378.304 378.321 378.274 378.258 378.349 378.286 378.315 378.283 378.266 378.292 
378.304 378.321 378.274 378.258 378.349 378.286 378.315 378.283 378.266 378.292 
378.304 378.321 378.274 378.258 378.349 378.286 378.315 378.283 378.266 378.292 
378.304 378.321 378.274 378.258 378.349 378.286 378.315 378.283 378.266 378.292 
378.304 378.321 378.274 378.258 378.349 378.286 378.315 378.283 378.266 378.292 
378.304 378.321 378.274 378.258 378.349 378.286 378.315 378.283 378.266 378.292 
378.304 378.321 378.274 378.258 378.349 378.286 378.315 378.283 378.266 378.292 
378.304 378.321 378.274 378.258 378.349 378.286 378.315 378.283 378.266 378.292 
