661.364 501.378 590.446 489.549 506.552 568.695 603.101 534.475 616.839 510.565 
489.46 466.68 448.372 439.432 370.764 450.884 456.864 478.378 458.549 466.509 
471.861 383.869 401.961 373.736 370.764 401.901 333.505 404.144 339.422 399.947 
281.639 282.282 280.106 257.952 283.403 275.773 305.707 268.882 303.373 261.498 
232.775 232.499 249.596 248.959 257.959 236.257 231.683 237.627 243.027 234.421 
223.871 224.495 224.723 224.945 223.478 223.678 223.987 226.224 226.288 224.208 
222.528 224.495 224.723 224.945 223.478 223.678 223.987 223.847 223.744 224.208 
222.528 224.495 224.723 224.945 223.478 223.678 223.987 223.847 223.744 224.208 
222.528 224.495 224.723 224.945 223.478 223.678 223.987 223.847 223.744 224.208 
222.528 224.495 224.723 224.945 223.478 223.678 223.987 223.847 223.744 224.208 
222.528 224.495 224.723 224.945 223.478 223.678 223.987 223.847 223.744 224.208 
222.528 224.495 224.723 224.945 223.478 223.678 223.987 223.847 223.744 224.208 
222.528 224.495 224.723 224.945 223.478 223.678 223.987 223.847 223.744 224.208 
222.528 224.495 224.723 224.945 223.478 223.678 223.987 223.847 223.744 224.208 
