8555.01 8351.39 8351.49 8803.97 8272.36 8539.59 8390.79 8614.75 9067.23 8402.56 
8326.82 8351.39 8351.49 8611.27 8272.36 8539.59 8390.79 8614.75 9067.23 8402.56 
8326.82 8351.39 8351.49 8611.27 8037.34 8539.59 8390.79 8614.75 8621.1 8402.56 
8326.82 7956.35 8351.49 8373.76 8037.34 8539.59 8390.79 8589.73 8621.1 8402.56 
8326.82 7956.35 8351.49 8373.76 8037.34 8539.59 8390.79 8589.73 8458.64 8402.56 
8326.82 7956.35 8351.49 8373.76 8037.34 8313.44 8390.79 8589.73 7776.43 8402.56 
8326.82 7956.35 8351.49 8373.76 8037.34 8313.44 8390.79 8589.73 7776.43 8368.96 
8326.82 7956.35 8351.49 8373.76 8037.34 8313.44 8390.79 8589.73 7776.43 8368.96 
8326.82 7956.35 8351.49 8373.76 8037.34 8313.44 8390.79 8445.77 7776.43 8368.96 
8326.82 7956.35 8351.49 8373.76 8037.34 8297.3 8390.79 8445.77 7776.43 7791.08 
8306.21 7956.35 8309.5 8282.08 8037.34 8165.21 8390.79 8105.8 7776.43 7791.08 
8306.21 7956.35 8309.5 8282.08 8037.34 8165.21 8390.79 8105.8 7776.43 7761.42 
8306.21 7956.35 8309.5 7688.04 7736.25 8165.21 8160.26 8105.8 7776.43 7095.56 
8306.21 7956.35 8309.5 7688.04 7736.25 8165.21 8107.43 8105.8 7776.43 7038.61 
