8773 8946.14 8333.85 8125.2 7862.99 8033.46 8432.29 8311.7 7602.41 8502.68 
8660.92 8758.28 8311.38 8125.2 7862.99 8033.46 8432.29 8311.7 7602.41 8502.68 
7575.74 7999.69 7751.51 7895.09 7862.99 8033.46 8432.29 6898.25 7221.15 8419.21 
7273.36 7594.41 7353.86 7668.38 7466.96 7077.22 141.687 117.768 134.531 7277.31 
2390.71 2458.48 2695.78 2116.79 2042.16 2693.09 100 115.422 100 2695.92 
2390.71 2458.48 2695.78 2116.79 2042.16 2693.09 100 115.422 100 2695.92 
2390.71 2458.48 2695.78 2116.79 2042.16 2693.09 100 115.422 100 2695.92 
2390.71 2458.48 2695.78 2116.79 2042.16 2693.09 100 115.422 100 2695.92 
2390.71 2458.48 2695.78 2116.79 2042.16 2693.09 100 115.422 100 2695.92 
2390.71 2458.48 2695.78 2116.79 2042.16 2693.09 100 115.422 100 2695.92 
2390.71 2458.48 2695.78 2116.79 2042.16 2693.09 100 115.422 100 2695.92 
2390.71 2458.48 2695.78 2116.79 2042.16 2693.09 100 115.422 100 2695.92 
2390.71 2458.48 2695.78 2116.79 2042.16 2693.09 100 115.422 100 2695.92 
2390.71 2458.48 2695.78 2116.79 2042.16 2693.09 100 115.422 100 2695.92 
