10.4623 8.7195 7.60388 8.34705 12.453 15.0153 11.0023 10.1021 12.1529 7.3205 
1.55891 1.76223 1.82891 1.55569 1.39714 2.17092 1.64989 1.57348 1.41067 1.63879 
1.2316 1.15514 1.52321 1.06601 1.12341 2.01555 1.41114 1.1468 1.16954 1.23558 
1.12437 1.10782 1.49323 1 1.00992 1.99496 1.17594 1.12437 1.15466 1.12437 
1.12437 1.10782 1.49323 1 1.00992 1.99496 1.17594 1.12437 1.15466 1.12437 
1.12437 1.10782 1.49323 1 1.00992 1.99496 1.17594 1.12437 1.15466 1.12437 
1.12437 1.10782 1.49323 1 1.00992 1.99496 1.17594 1.12437 1.15466 1.12437 
1.12437 1.10782 1.49323 1 1.00992 1.99496 1.17594 1.12437 1.15466 1.12437 
1.12437 1.10782 1.49323 1 1.00992 1.99496 1.17594 1.12437 1.15466 1.12437 
1.12437 1.10782 1.49323 1 1.00992 1.99496 1.17594 1.12437 1.15466 1.12437 
1.12437 1.10782 1.49323 1 1.00992 1.99496 1.17594 1.12437 1.15466 1.12437 
1.12437 1.10782 1.49323 1 1.00992 1.99496 1.17594 1.12437 1.15466 1.12437 
1.12437 1.10782 1.49323 1 1.00992 1.99496 1.17594 1.12437 1.15466 1.12437 
1.12437 1.10782 1.49323 1 1.00992 1.99496 1.17594 1.12437 1.15466 1.12437 
