359.806 349.532 362.898 368.072 345.111 370.575 354.781 347.684 279.394 364.952 
359.806 349.532 362.898 368.072 345.111 370.575 354.781 347.684 279.394 364.952 
359.806 349.532 362.898 368.072 345.111 370.575 354.781 347.684 279.394 364.952 
359.806 349.532 362.898 368.072 345.111 370.575 354.781 347.684 279.394 364.952 
359.806 349.532 362.898 368.072 345.111 370.575 354.781 347.684 279.394 364.952 
359.806 349.532 362.898 368.072 345.111 370.575 354.781 347.684 279.394 364.952 
359.806 349.532 362.898 368.072 345.111 370.575 354.781 347.684 279.394 364.952 
359.806 349.532 362.898 368.072 345.111 370.575 354.781 347.684 279.394 364.952 
359.806 349.532 362.898 368.072 345.111 370.575 354.781 347.684 279.394 364.952 
359.806 349.532 362.898 368.072 345.111 370.575 354.781 347.684 279.394 364.952 
359.806 349.532 362.898 368.072 345.111 370.575 354.781 347.684 279.394 364.952 
359.806 349.532 362.898 368.072 345.111 370.575 354.781 347.684 279.394 364.952 
359.806 349.532 362.898 368.072 345.111 370.575 354.781 347.684 279.394 364.952 
359.806 349.532 362.898 368.072 345.111 370.575 354.781 347.684 279.394 364.952 
