773173 480062 145990 822829 902803 218196 401674 364286 224330 576198 
659492 314533 145990 700880 629438 218196 386066 364286 224330 566351 
163382 57383.5 43856.1 140871 105090 88619.9 100958 90614.5 68049.1 92570.9 
64345.9 16536.3 16714 41286.9 17825.6 34197.1 27650 39565.8 15507.1 27118.8 
41356.7 8334.05 11704.7 30485.8 11331.1 23623.5 17965.4 28698.4 8771.09 16171.9 
34601.4 7565.93 9576.57 23522.1 9002.88 21724.4 15648.9 23019.3 6839.83 13005.6 
33980.5 7565.32 9451.7 23015.4 8655.16 21704.5 14656.7 22878.2 6723.15 12780.5 
33407.3 7565.32 9451.68 22924.4 8634.43 21701.6 14655 22560 6723.04 12209.8 
33406.9 7565.32 9451.68 22664.1 8554.21 21701.6 14655 22218.8 6723.04 12130.6 
33406.8 7565.32 9451.68 22581.9 8553.82 21701.6 14655 22174.6 6723.04 12125.1 
33406.8 7565.32 9451.67 22581.8 8551.59 21701.6 14655 22165 6723.04 12124.9 
33406.8 7565.32 9451.67 22581.8 8509.25 21701.6 14655 22162.9 6723.04 12124.9 
33406.8 7565.32 9451.67 22580.5 8507.82 21701.6 14655 22079.1 6723.04 12124.9 
33406.8 7565.32 9451.67 22550.9 8507.82 21701.6 14655 22029.6 6723.04 12124.9 
