28.6595 26.2399 28.6136 40.4821 24.2763 31.1958 34.2914 28.4187 34.8538 25.1019 
28.6595 26.2399 28.6136 40.4821 24.2763 31.1958 34.2914 28.4187 34.8538 25.1019 
28.6595 26.2399 28.6136 40.4821 24.2763 31.1958 34.2914 28.4187 34.8538 25.1019 
28.6595 26.2399 28.6136 40.4821 24.2763 31.1958 34.2914 28.4187 34.8538 25.1019 
28.6595 26.2399 28.6136 40.4821 24.2763 31.1958 34.2914 28.4187 34.8538 25.1019 
28.6595 26.2399 28.6136 40.4821 24.2763 31.1958 34.2914 28.4187 34.8538 25.1019 
28.6595 26.2399 28.6136 40.4821 24.2763 31.1958 34.2914 28.4187 34.8538 25.1019 
28.6595 26.2399 28.6136 40.4821 24.2763 31.1958 34.2914 28.4187 34.8538 25.1019 
28.6595 26.2399 28.6136 40.4821 24.2763 31.1958 34.2914 28.4187 34.8538 25.1019 
28.6595 26.2399 28.6136 40.4821 24.2763 31.1958 34.2914 28.4187 34.8538 25.1019 
28.6595 26.2399 28.6136 40.4821 24.2763 31.1958 34.2914 28.4187 34.8538 25.1019 
28.6595 26.2399 28.6136 40.4821 24.2763 31.1958 34.2914 28.4187 34.8538 25.1019 
28.6595 26.2399 28.6136 40.4821 24.2763 31.1958 34.2914 28.4187 34.8538 25.1019 
28.6595 26.2399 28.6136 40.4821 24.2763 31.1958 34.2914 28.4187 34.8538 25.1019 
