393.626 347.594 363.228 402.601 376.087 345.722 347.717 391.278 376.559 378.388 
216.661 200.736 219.901 174.187 219.067 194.853 221.734 207.174 189.413 182.864 
156.156 160.175 157.253 154.693 177.296 168.907 176.98 174.247 148.316 169.43 
12.0661 8.07683 13.1419 20.0088 19.1183 20.0312 18.4479 18.3013 14.7731 18.0335 
11.9395 7.95967 12.9345 19.8992 18.9042 19.8992 16.9143 17.9093 13.9294 17.9093 
11.9395 7.95967 12.9345 19.8992 18.9042 19.8992 16.9143 17.9093 13.9294 17.9093 
11.9395 7.95967 12.9345 19.8992 18.9042 19.8992 16.9143 17.9093 13.9294 17.9093 
11.9395 7.95967 12.9345 19.8992 18.9042 19.8992 16.9143 17.9093 13.9294 17.9093 
11.9395 7.95967 12.9345 19.8992 18.9042 19.8992 16.9143 17.9093 13.9294 17.9093 
11.9395 7.95967 12.9345 19.8992 18.9042 19.8992 16.9143 17.9093 13.9294 17.9093 
11.9395 7.95967 12.9345 19.8992 18.9042 19.8992 16.9143 17.9093 13.9294 17.9093 
11.9395 7.95967 12.9345 19.8992 18.9042 19.8992 16.9143 17.9093 13.9294 17.9093 
11.9395 7.95967 12.9345 19.8992 18.9042 19.8992 16.9143 17.9093 13.9294 17.9093 
11.9395 7.95967 12.9345 19.8992 18.9042 19.8992 16.9143 17.9093 13.9294 17.9093 
