6.99663 6.0854 6.37029 5.33919 7.49886 7.2207 7.09324 5.37501 8.08054 6.92128 
3.59305 2.4159 2.4511 2.13639 3.64128 3.58573 3.07048 1.27935 4.01009 3.05336 
0.676212 0.526081 0.389725 0.65256 1.09329 0.840761 0.766595 0.200239 1.35586 0.589147 
0.0446465 0.017839 0.00366115 0.00936943 0.0197321 0.0319956 0.0148682 0.00103251 0.00811697 0.00269727 
0 0 0 0 0 0 0 0 0 0 
0 0 0 0 0 0 0 0 0 0 
0 0 0 0 0 0 0 0 0 0 
0 0 0 0 0 0 0 0 0 0 
0 0 0 0 0 0 0 0 0 0 
0 0 0 0 0 0 0 0 0 0 
0 0 0 0 0 0 0 0 0 0 
0 0 0 0 0 0 0 0 0 0 
0 0 0 0 0 0 0 0 0 0 
0 0 0 0 0 0 0 0 0 0 
