1.96288e+09 2.1065e+09 1.57179e+09 1.65482e+09 1.7243e+09 1.90918e+09 1.7797e+09 1.70102e+09 1.88938e+09 9.78107e+08 
1.47214e+09 1.39472e+09 1.54819e+09 1.51564e+09 1.1553e+09 9.28167e+08 9.73731e+08 1.25461e+09 1.66345e+09 9.78107e+08 
9.53276e+08 1.28512e+09 1.30328e+09 1.51564e+09 1.1553e+09 7.88264e+08 9.73731e+08 1.25461e+09 1.58135e+09 9.78107e+08 
8.22493e+08 1.06902e+09 1.26096e+09 1.15421e+09 1.1553e+09 7.88264e+08 9.73731e+08 1.02402e+09 7.45646e+08 9.78107e+08 
8.01385e+08 6.68212e+08 7.78496e+08 9.69928e+08 8.52591e+08 7.64418e+08 8.14494e+08 7.37752e+08 7.45646e+08 6.5631e+08 
4.11857e+08 5.28124e+08 4.73292e+08 6.51577e+08 3.78372e+08 5.49761e+08 4.35301e+08 5.08254e+08 6.6631e+08 4.30926e+08 
3.11809e+08 3.14632e+08 3.18966e+08 3.18304e+08 2.53134e+08 3.59349e+08 3.16906e+08 4.07025e+08 4.13163e+08 2.89558e+08 
1.88518e+08 1.09851e+08 2.36191e+08 1.84584e+08 2.00695e+08 2.70878e+08 2.04681e+08 2.15441e+08 2.11541e+08 1.61948e+08 
8.61058e+07 1.09851e+08 1.31792e+08 1.38734e+08 1.15613e+08 2.02756e+08 1.47541e+08 1.26452e+08 1.45999e+08 1.31478e+08 
7.755e+07 6.6969e+07 9.71338e+07 1.19872e+08 6.72832e+07 1.53853e+08 1.05438e+08 7.28491e+07 8.80085e+07 7.37118e+07 
4.3704e+07 6.07298e+07 5.55895e+07 6.05927e+07 4.95563e+07 7.04635e+07 6.8895e+07 4.15901e+07 6.93123e+07 5.43991e+07 
4.03895e+07 3.8304e+07 4.16103e+07 5.19892e+07 3.77154e+07 4.57868e+07 4.32953e+07 2.06762e+07 3.26823e+07 3.52723e+07 
2.83355e+07 1.90401e+07 2.04236e+07 3.03932e+07 2.00314e+07 3.59227e+07 2.60424e+07 1.4743e+07 2.84218e+07 2.00456e+07 
2.05304e+07 1.4241e+07 1.10486e+07 2.35488e+07 1.08657e+07 1.97456e+07 1.3792e+07 6.07972e+06 1.57836e+07 1.30237e+07 
