442754 1.29372e+06 1.64571e+06 244962 788634 889973 2.81951e+06 1.16502e+06 526297 574435 
422868 1.12186e+06 1.52765e+06 230224 771334 803628 2.64935e+06 1.11486e+06 499598 508761 
401129 937850 1.42876e+06 216636 755535 766625 2.57378e+06 1.03289e+06 478684 457624 
367664 858848 1.20524e+06 186974 701398 698028 2.44907e+06 847357 430410 392317 
305700 694923 1.06635e+06 146082 622540 537024 2.23776e+06 720944 373387 314105 
213911 433621 922078 130796 475515 371803 1.95245e+06 518354 259842 203853 
194395 351109 772535 123726 383558 288995 1.70478e+06 366345 186013 166862 
122106 327337 714311 116082 211325 262563 1.43273e+06 294513 163533 139166 
113191 310091 658932 109776 142732 246284 1.17599e+06 276411 148935 124144 
104739 294055 587978 103092 99807.1 227228 895861 270311 137731 116459 
100652 280774 525453 97758 79008.6 215092 755648 270311 130451 111360 
88310.4 264951 482158 93473.7 65773.5 201512 613771 270311 123175 108092 
80233 251490 468246 93452.4 54266 185352 551643 270311 118266 105853 
78385.3 239016 455581 93452.4 47562.7 177566 516591 270311 113830 105576 
