1010.44 18105.1 2710.77 1823.21 3312.72 4084.99 7393.53 5201.93 4135.82 4224.36 
1010.44 1498.59 380.865 323.505 650.249 419.943 558.518 629.729 278.794 795.52 
259.887 274.82 243.657 249.769 261.588 242.844 268.921 248.058 232.381 273.301 
215.572 215.565 208.317 212.806 213.478 208.33 210.125 211.377 213.919 216.826 
206.118 207.024 205.402 205.172 206.371 205.029 204.737 204.47 203.51 205.983 
202.232 203.187 202.435 203.006 202.557 202.659 202.374 202.444 202.928 202.923 
202.055 202.518 202.435 201.92 202.182 202.55 201.878 201.949 202.29 202.521 
202.055 202.29 201.671 201.92 202.182 202.55 201.699 201.949 202.29 202.222 
202.055 202.29 201.671 201.68 202.182 202.248 201.216 201.949 202.29 202.222 
201.824 202.151 201.653 201.68 202.099 202.248 201.216 201.949 202.29 202.222 
201.824 202.151 201.653 201.68 202.099 202.248 201.216 201.949 202.29 202.222 
201.824 202.151 201.653 201.68 202.099 202.248 201.216 201.949 202.29 202.222 
201.824 202.151 201.653 201.68 202.099 202.248 201.216 201.949 202.29 202.222 
201.824 202.151 201.653 201.68 202.099 202.248 201.216 201.949 202.29 202.222 
