304.043 122.904 136.714 75.8312 140.91 229.893 170.515 91.5297 167.068 136.596 
16.3786 11.4798 13.7757 13.6673 15.9068 24.2528 28.0249 25.4228 14.3615 12.0854 
5.76714 4.26909 5.18274 5.42758 6.16191 5.29989 6.39254 5.862 5.41287 6.17345 
0.402522 0.157969 0.175006 0.46624 0.632055 0.302904 0.693884 0.354803 0.490504 0.482754 
0 0 0 0 0.00685752 2.41817e-06 0 0 0 0 
0 0 0 0 0.000189002 0 0 0 0 0 
0 0 0 0 1.11217e-06 0 0 0 0 0 
0 0 0 0 5.24371e-08 0 0 0 0 0 
0 0 0 0 0 0 0 0 0 0 
0 0 0 0 0 0 0 0 0 0 
0 0 0 0 0 0 0 0 0 0 
0 0 0 0 0 0 0 0 0 0 
0 0 0 0 0 0 0 0 0 0 
0 0 0 0 0 0 0 0 0 0 
