933.835 941.884 1174.12 1005.32 995.74 850.087 1031.72 1041.29 1016.76 1069.76 
933.701 941.673 1173.47 1005.06 995.273 849.716 1031.47 1036.71 1015.48 1069.5 
933.701 941.673 1173.47 1005.06 995.273 849.716 1031.47 1036.71 1015.48 1069.5 
933.701 941.673 1173.47 1005.06 995.273 849.716 1031.47 1036.71 1015.48 1069.5 
933.701 941.673 1173.47 1005.06 995.273 849.716 1031.47 1036.71 1015.48 1069.5 
933.701 941.673 1173.47 1005.06 995.273 849.716 1031.47 1036.71 1015.48 1069.5 
933.701 941.673 1173.47 1005.06 995.273 849.716 1031.47 1036.71 1015.48 1069.5 
933.701 941.673 1173.47 1005.06 995.273 849.716 1031.47 1036.71 1015.48 1069.5 
933.701 941.673 1173.47 1005.06 995.273 849.716 1031.47 1036.71 1015.48 1069.5 
933.701 941.673 1173.47 1005.06 995.273 849.716 1031.47 1036.71 1015.48 1069.5 
933.701 941.673 1173.47 1005.06 995.273 849.716 1031.47 1036.71 1015.48 1069.5 
933.701 941.673 1173.47 1005.06 995.273 849.716 1031.47 1036.71 1015.48 1069.5 
933.701 941.673 1173.47 1005.06 995.273 849.716 1031.47 1036.71 1015.48 1069.5 
933.701 941.673 1173.47 1005.06 995.273 849.716 1031.47 1036.71 1015.48 1069.5 
