37864.8 56277.9 30979.8 35968 25618.6 52744.5 29141.2 64685.9 46714 50051.9 
25004 12016 15822.4 19631.8 25618.6 14878.8 16319 39504.6 25914.1 28325.5 
8769.05 7609.36 6673.35 4793.89 20111 5342.02 9749.46 15040.5 10416.9 12516.1 
484.07 543.284 452.526 395.066 2311.83 1229.27 1105.09 2175.78 1433.2 2018.44 
2.48282 1.76222 1.28205 0.747721 3.85316 4.26346 2.09515 4.33379 3.8206 3.79862 
2.27953e-08 1.99788e-08 1.10947e-08 0 1.10027e-07 4.2582e-08 3.44676e-08 2.73807e-08 1.30825e-08 4.50162e-08 
0 0 0 0 0 0 0 0 0 0 
0 0 0 0 0 0 0 0 0 0 
0 0 0 0 0 0 0 0 0 0 
0 0 0 0 0 0 0 0 0 0 
0 0 0 0 0 0 0 0 0 0 
0 0 0 0 0 0 0 0 0 0 
0 0 0 0 0 0 0 0 0 0 
0 0 0 0 0 0 0 0 0 0 
