66.1955 50.0311 74.6304 71.9636 73.2215 69.7586 72.031 77.0257 79.2735 85.3586 
52.8475 50.0311 44.6879 55.4105 42.9112 40.2208 54.5265 48.3319 47.7911 31.8709 
46.269 41.8731 44.6879 47.5926 42.9112 40.2208 42.6574 48.3319 42.6035 31.8709 
38.4832 24.5028 36.8942 36.3364 23.4356 31.417 41.5569 32.9394 36.9415 31.8709 
3.98005 4.35464 1.99195 4.1285 4.97801 5.02602 4.02087 3.98541 5.14991 4.9748 
3.97984 3.97984 1.98992 3.97984 4.9748 4.9748 3.97984 3.97984 4.9748 4.9748 
3.97984 3.97984 1.98992 3.97984 4.9748 4.9748 3.97984 3.97984 4.9748 4.9748 
3.97984 3.97984 1.98992 3.97984 4.9748 4.9748 3.97984 3.97984 4.9748 4.9748 
3.97984 3.97984 1.98992 3.97984 4.9748 4.9748 3.97984 3.97984 4.9748 4.9748 
3.97984 3.97984 1.98992 3.97984 4.9748 4.9748 3.97984 3.97984 4.9748 4.9748 
3.97984 3.97984 1.98992 3.97984 4.9748 4.9748 3.97984 3.97984 4.9748 4.9748 
3.97984 3.97984 1.98992 3.97984 4.9748 4.9748 3.97984 3.97984 4.9748 4.9748 
3.97984 3.97984 1.98992 3.97984 4.9748 4.9748 3.97984 3.97984 4.9748 4.9748 
3.97984 3.97984 1.98992 3.97984 4.9748 4.9748 3.97984 3.97984 4.9748 4.9748 
