500.007 500.007 500.007 500.007 500.007 500.007 500.007 500.007 500.007 500.007 
500.007 500.007 500.007 500.007 500.007 500.007 500.007 500.007 500.007 500.007 
500.007 500.007 500.007 500.007 500.007 500.007 500.007 500.007 500.007 500.007 
500.007 500.007 500.007 500.007 500.007 500.007 500.007 500.007 500.007 500.007 
500.007 500.007 500.007 500.007 500.007 500.007 500.007 500.007 500.007 500.007 
500.007 500.007 500.007 500.007 500.007 500.007 500.007 500.007 500.007 500.007 
500.007 500.007 500.007 500.007 500.007 500.007 500.007 500.007 500.007 500.007 
500.007 500.007 500.007 500.007 500.007 500.007 500.007 500.007 500.007 500.007 
500.007 500.007 500.007 500.007 500.007 500.007 500.007 500.007 500.007 500.007 
500.007 500.007 500.007 500.007 500.007 500.007 500.007 500.007 500.007 500.007 
500.007 500.007 500.007 500.007 500.007 500.007 500.007 500.007 500.007 500.007 
500.007 500.007 500.007 500.007 500.007 500.007 500.007 500.007 500.007 500.007 
500.007 500.007 500.007 500.007 500.007 500.007 500.007 500.007 500.007 500.007 
500.007 500.007 500.007 500.007 500.007 500.007 500.007 500.007 500.007 500.007 
