491.776 538.531 505.758 489.467 436.637 527.392 251.098 392.228 559.696 426.779 
367.212 340.314 282.214 306.483 384.126 275.867 251.098 392.228 381.463 324.689 
367.212 282.072 282.214 306.483 204.916 275.867 251.098 332.187 351.221 324.689 
313.892 173.641 240.906 161.495 204.916 239.258 235.397 119.027 191.428 275.625 
157.08 84.9473 155.657 161.495 87.3685 151.257 192.291 115.743 90.334 179.723 
23.3313 1.53219 26.2871 15.4651 40.1559 21.2875 54.0882 1.44045 1.25654 32.2822 
1.04067 1.42096 1.50223 1.21931 1.01497 1.2403 1.70891 1.21035 1.21189 1.56368 
1.00896 1.42062 1.41653 1.20885 1.00006 1.20827 1.41687 1.2101 1.21182 1.41639 
1.00892 1.42062 1.41649 1.20882 1.00005 1.20821 1.41635 1.2101 1.21182 1.41632 
1.00892 1.42062 1.41649 1.20882 1.00005 1.20821 1.41635 1.2101 1.21182 1.41632 
1.00892 1.42062 1.41649 1.20882 1.00005 1.20821 1.41635 1.2101 1.21182 1.41632 
1.00892 1.42062 1.41649 1.20882 1.00005 1.20821 1.41635 1.2101 1.21182 1.41632 
1.00892 1.42062 1.41649 1.20882 1.00005 1.20821 1.41635 1.2101 1.21182 1.41632 
1.00892 1.42062 1.41649 1.20882 1.00005 1.20821 1.41635 1.2101 1.21182 1.41632 
