406.388 389.474 403.306 392.433 414.286 416.871 403.59 368.16 375.602 381.198 
360.827 357.47 370.518 342.453 356.658 373.158 368.262 357.672 366.006 345.753 
339.13 354.957 363.1 342.453 356.658 358.664 341.773 357.672 346.856 345.753 
339.13 344.293 336.583 342.453 346.511 335.623 341.773 338.865 334.559 338.949 
316.886 307.372 306.799 308.732 311.809 317.492 311.794 318.014 329.38 306.986 
309.779 307.327 306.628 308.728 309.516 314.664 311.679 307.226 310.489 306.845 
309.779 307.327 306.628 308.728 309.516 314.664 311.556 307.226 310.489 306.845 
309.779 307.327 306.628 308.728 309.516 314.664 311.552 307.226 310.489 306.845 
309.779 307.327 306.628 308.728 309.516 314.664 311.552 307.226 310.489 306.845 
309.779 307.327 306.628 308.728 309.516 314.664 311.552 307.226 310.489 306.845 
309.779 307.327 306.628 308.728 309.516 314.664 311.55 307.226 310.489 306.845 
309.779 307.327 306.628 308.728 309.516 314.664 311.545 307.226 310.489 306.845 
309.779 307.327 306.628 308.728 309.516 314.664 311.542 307.226 310.489 306.845 
309.779 307.327 306.628 308.728 309.516 314.664 311.533 307.226 310.489 306.845 
