536.736 523.302 504.286 514.787 531.169 513.791 481.173 517.652 475.635 521.524 
519.399 523.302 504.286 514.787 531.169 502.912 481.173 482.476 475.635 518.671 
438.877 475.457 459.753 474.193 436.168 432.434 402.946 457.254 464.257 456.594 
427.708 406.198 429 409.506 387.78 411.447 396.104 396.364 386.492 379.774 
348.654 358.381 300.536 331.274 345.241 350.893 325.847 312.814 362.935 351.324 
290.811 293.522 300.536 284.904 318.919 285.128 296.853 307.123 275.68 291.44 
264.849 263.638 247.094 277.929 280.685 283.387 264.643 258.63 275.68 266.511 
251.922 263.638 247.094 270.072 280.685 266.829 264.643 258.481 249.358 237.47 
219.888 259.863 214.234 262.135 271.797 264.984 246.671 257.499 249.358 237.47 
219.888 246.132 214.234 243.733 247.126 263.014 246.671 253.075 249.358 237.47 
219.888 246.132 214.234 243.733 246.304 250.076 246.671 253.075 249.358 237.47 
219.888 242.744 214.234 243.733 246.304 250.076 246.671 253.075 198.448 218.329 
219.888 242.744 214.234 243.733 246.304 248.285 246.671 246.999 198.448 218.329 
219.888 234.553 214.234 234.051 246.304 248.285 246.671 226.766 198.448 218.329 
