50.6491 27.9352 26.2888 28.8705 31.3045 27.7124 28.7454 23.861 27.0451 32.4604 
47.7741 23.2083 23.5053 26.7804 27.3668 21.8838 26.8103 22.3279 24.0443 27.3746 
46.3497 23.1672 23.473 25.8613 26.8856 21.3075 25.0277 22.3218 23.9798 26.2061 
46.3487 23.1672 23.473 25.8591 26.885 21.3071 25.0241 22.3218 23.9798 26.0941 
46.3487 23.1672 23.473 25.8591 26.5712 21.3071 25.0241 22.3218 23.9798 26.0941 
46.3487 23.1672 23.473 25.8591 26.5712 21.3071 25.0241 22.3218 23.9798 26.0941 
46.3487 23.1672 23.473 25.8591 26.5712 21.3071 25.0241 22.3218 23.9798 26.0941 
46.3487 23.1672 23.473 25.8591 26.5712 21.3071 25.0241 22.3218 23.9798 26.0941 
46.3487 23.1672 23.473 25.8591 26.5712 21.3071 25.0241 22.3218 23.9798 26.0941 
46.3487 23.1672 23.473 25.8591 26.5712 21.3071 25.0241 22.3218 23.9798 26.0941 
46.3487 23.1672 23.473 25.8591 26.5712 21.3071 25.0241 22.3218 23.9798 26.0941 
46.3487 23.1672 23.473 25.8591 26.5712 21.3071 25.0241 22.3218 23.9798 26.0941 
46.3487 23.1672 23.473 25.8591 26.5712 21.3071 25.0241 22.3218 23.9798 26.0941 
46.3487 23.1672 23.473 25.8591 26.5712 21.3071 25.0241 22.3218 23.9798 26.0941 
