25670.1 22607.1 21362.3 24834.5 16776.9 16514.7 12596.1 10232.1 19980.8 19318.4 
17585.6 14585 15107.6 18203 11745.8 15277.5 12596.1 10232.1 19980.8 16354.6 
9801.99 14585 9365.24 14577.4 10107.5 10986.7 10121.5 10232.1 15223.3 7177.81 
8474.7 6699.71 5177.16 6656.06 7119.84 8068.33 8205.08 8552.6 8553.85 7177.81 
3378.6 4768.12 3820.81 2950.96 2098.45 3641.68 4889.44 3450.92 4761.49 4984.79 
983.659 925.417 1052.2 671.242 1204.49 767.569 1055.47 657.088 1000.12 856.609 
320.351 308.851 353.884 210.68 344.437 337.487 288.201 163.536 269.755 335.876 
126.676 114.968 125.035 78.6385 156.704 123.045 121.192 81.9235 126.664 184.114 
59.9445 55.4302 49.5206 44.6295 63.005 59.2191 48.9665 44.1926 61.71 72.6471 
34.4581 36.3952 35.4156 31.5474 38.5689 38.3608 32.7185 31.6052 36.7423 40.5118 
29.2539 28.7648 28.7556 26.746 28.4201 29.0864 27.5866 26.7568 28.8781 30.634 
25.5955 24.2684 24.522 23.5342 24.8735 26.1146 24.074 23.9696 24.9255 26.36 
22.1904 21.1928 21.7883 20.1072 21.8451 22.8901 20.7231 20.5219 21.7946 23.2385 
19.6867 18.9362 18.286 17.5487 19.1398 19.7401 18.3175 17.9492 18.7725 20.6909 
