499.56 497.721 493.938 493.448 496.172 500.002 487.798 486.991 485.995 499.496 
499.56 497.721 493.938 493.448 496.172 500.002 487.798 486.991 485.995 499.496 
499.56 497.721 493.938 493.448 496.172 500.002 487.798 486.991 485.995 499.496 
499.56 497.721 493.938 493.448 496.172 500.002 487.798 486.991 485.995 499.496 
499.56 497.721 493.938 493.448 496.172 500.002 487.798 486.991 485.995 499.496 
499.56 497.721 493.938 493.448 496.172 500.002 487.798 486.991 485.995 499.496 
499.56 497.721 493.938 493.448 496.172 500.002 487.798 486.991 485.995 499.496 
499.56 497.721 493.938 493.448 496.172 500.002 487.798 486.991 485.995 499.496 
499.56 497.721 493.938 493.448 496.172 500.002 487.798 486.991 485.995 499.496 
499.56 497.721 493.938 493.448 496.172 500.002 487.798 486.991 485.995 499.496 
499.56 497.721 493.938 493.448 496.172 500.002 487.798 486.991 485.995 499.496 
499.56 497.721 493.938 493.448 496.172 500.002 487.798 486.991 485.995 499.496 
499.56 497.721 493.938 493.448 496.172 500.002 487.798 486.991 485.995 499.496 
499.56 497.721 493.938 493.448 496.172 500.002 487.798 486.991 485.995 499.496 
