281.481 270.708 274.58 275.133 267.838 247.576 284.178 272.317 171.594 270.694 
248.581 255.946 251.001 241.623 257.613 139.542 264.703 249.912 139.16 262.338 
248.581 243.132 151.951 241.623 254.152 104.927 246.232 244.368 101.905 251.833 
230.661 241.887 100.012 228.901 239.081 100.002 230.28 235.808 100.001 227.222 
206.843 205.462 100 211.075 206.7 100 207.384 207.964 100 205.238 
206.802 205.462 100 209.016 206.682 100 207.064 207.765 100 205.18 
206.802 205.462 100 209.016 206.682 100 207.064 207.765 100 205.18 
206.802 205.462 100 209.016 206.682 100 207.064 207.765 100 205.18 
206.802 205.462 100 209.016 206.682 100 207.064 207.765 100 205.18 
206.802 205.462 100 209.016 206.682 100 207.064 207.765 100 205.18 
206.802 205.462 100 209.016 206.682 100 207.064 207.765 100 205.18 
206.802 205.462 100 209.016 206.682 100 207.064 207.765 100 205.18 
206.802 205.462 100 209.016 206.682 100 207.064 207.765 100 205.18 
206.802 205.462 100 209.016 206.682 100 207.064 207.765 100 205.18 
