1956.63 1760.02 2096.07 2039.41 1698.59 1849.53 1986.16 2209.31 2261.28 2114.93 
1956.63 1760.02 2096.07 2039.41 1698.59 1849.53 1933.08 2035.76 2117.36 2114.93 
1956.63 1760.02 2096.07 2039.41 1698.59 1849.53 1933.08 2035.76 2117.36 2114.93 
1956.63 1760.02 2010.48 2039.41 1698.59 1849.53 1933.08 2035.76 2117.36 2037.35 
1796.54 1760.02 2010.48 2039.41 1698.59 1849.53 1933.08 1839.14 2070.41 1658.53 
1796.54 1760.02 2010.48 2007.82 1410.21 1849.53 1835.56 1839.14 1853.69 1658.53 
1796.54 1760.02 1887.3 1859.17 407.606 1668.8 514.805 1446.86 1853.69 1658.53 
1796.54 365.689 1739.18 1859.17 407.605 1668.8 514.805 1446.86 1392.68 1658.53 
1769.59 365.67 873.803 290.226 407.605 1095.59 514.805 1446.86 1392.68 1658.53 
1769.59 365.67 359.839 188.416 407.605 1095.59 514.805 1446.86 1392.68 1658.53 
1769.59 365.67 359.839 67.5326 407.605 1095.59 514.805 1446.86 1392.68 1658.53 
1539.2 365.67 359.839 67.5325 407.605 1095.59 514.805 1446.86 1349.8 1658.53 
1395.23 365.67 359.839 67.5325 407.605 1095.59 514.805 1446.86 766.526 1592.07 
1283.3 365.67 359.839 67.5325 407.605 1095.59 514.805 1446.86 658.021 892.145 
