197746 200287 530495 148068 703894 323087 220316 217686 624882 262156 
45060.9 94039.5 112870 40687.9 127448 29079.9 94049.7 127176 69547.3 76085.2 
21854 47299 42040.6 9000.25 59463.8 21448.3 30610.4 36562 15324.8 28708.7 
2389.93 5058.59 1802.03 529.584 2728.84 1042.33 1886.82 4551.78 3100.72 1800.06 
37.4031 22.7589 24.3395 18.0002 23.2208 33.484 31.4387 26.3056 34.7689 26.2438 
13.3349 12.7574 19.5873 12.9117 13.917 15.6646 12.4456 12.0878 12.9646 12.7428 
11.9424 11.6528 13.7908 10.298 12.5616 3.10671 6.82898 10.962 4.69404 11.656 
8.92452 7.95846 12.4771 4.4779 7.49098 2.98488 4.83714 7.73455 4.64714 1.99196 
4.66107 4.47019 12.1595 4.47015 4.83718 2.98488 4.83714 4.64714 4.64714 1.98992 
4.47015 4.47015 3.20311 4.47015 4.83714 2.98488 4.83714 4.64714 4.64714 1.98992 
4.47015 4.47015 2.98488 4.47015 4.83714 2.98488 4.83714 4.64714 4.64714 1.98992 
4.47015 4.47015 2.98488 4.47015 4.83714 2.98488 4.83714 4.64714 4.64714 1.98992 
4.47015 4.47015 2.98488 4.47015 4.83714 2.98488 4.83714 4.64714 4.64714 1.98992 
4.47015 4.47015 2.98488 4.47015 4.83714 2.98488 4.83714 4.64714 4.64714 1.98992 
