1.75212e+09 1.57986e+09 1.16266e+09 1.27658e+09 1.43948e+09 9.77803e+08 1.98113e+09 1.22536e+09 1.6758e+09 1.66667e+09 
1.05202e+08 5.88942e+07 5.83065e+07 6.93836e+07 8.74135e+07 7.7362e+07 6.81849e+07 6.9147e+07 9.08439e+07 6.84796e+07 
529254 255864 730482 387800 1.46603e+06 298614 685616 561089 962162 1.0341e+06 
1.82888 1.13821 0.408134 1.34285 1.69346 0.466979 1.05662 0.906244 0.588276 1.60133 
0 0 0 0 0 0 0 0 0 0 
0 0 0 0 0 0 0 0 0 0 
0 0 0 0 0 0 0 0 0 0 
0 0 0 0 0 0 0 0 0 0 
0 0 0 0 0 0 0 0 0 0 
0 0 0 0 0 0 0 0 0 0 
0 0 0 0 0 0 0 0 0 0 
0 0 0 0 0 0 0 0 0 0 
0 0 0 0 0 0 0 0 0 0 
0 0 0 0 0 0 0 0 0 0 
