2.88738e+06 238574 763977 3.15049e+06 243568 41725.1 56540 323958 949914 481399 
2.88738e+06 238574 763977 3.15049e+06 243568 41725.1 56540 323958 949914 481399 
2.88738e+06 238574 763977 3.15049e+06 243568 41725.1 56540 323958 949914 481399 
2.88738e+06 238574 763977 3.15049e+06 243568 41725.1 56540 323958 949914 481399 
2.88738e+06 238574 763977 3.15049e+06 243568 41725.1 56540 323958 949914 481399 
2.88738e+06 238574 763977 3.15049e+06 243568 41725.1 56540 323958 949914 481399 
2.88738e+06 238574 763977 3.15049e+06 243568 41725.1 56540 323958 949914 481399 
2.88738e+06 238574 763977 3.15049e+06 243568 41725.1 56540 323958 949914 481399 
2.88738e+06 238574 763977 3.15049e+06 243568 41725.1 56540 323958 949914 481399 
2.88738e+06 238574 763977 3.15049e+06 243568 41725.1 56540 323958 949914 481399 
2.88738e+06 238574 763977 3.15049e+06 243568 41725.1 56540 323958 949914 481399 
2.88738e+06 238574 763977 3.15049e+06 243568 41725.1 56540 323958 949914 481399 
2.88738e+06 238574 763977 3.15049e+06 243568 41725.1 56540 323958 949914 481399 
2.88738e+06 238574 763977 3.15049e+06 243568 41725.1 56540 323958 949914 481399 
