300.564 181.894 113.389 236.695 287.309 250.398 198.221 174.35 159.425 182.339 
166.797 172.454 113.389 111.744 151.759 188.286 140.991 144.043 159.425 172.765 
100.561 126.572 98.3944 108.863 135.045 87.6992 108.572 75.5753 125.71 85.9679 
51.0834 95.7347 59.1906 57.5136 64.6455 60.2146 81.1282 65.4675 51.7269 78.7677 
33.3128 44.4253 38.2918 40.2608 27.7381 42.424 41.6107 36.9696 46.2834 39.2771 
27.3288 33.5988 30.8759 27.3061 27.7381 30.7075 31.3943 28.1621 30.7334 32.9653 
27.3288 29.9929 27.2825 22.3093 26.7579 23.8827 29.5096 23.6391 22.0328 24.2517 
24.6018 21.213 27.2825 20.6376 24.4328 20.8699 21.5672 20.9413 21.414 22.5603 
20.7897 20.7298 23.5285 20.5334 22.3465 20.4954 20.5808 20.9413 21.2939 22.4908 
20.2871 20.5129 21.1163 20.4327 20.8028 20.3207 20.4932 20.9413 21.2939 22.0328 
20.2871 20.3083 20.8275 20.275 20.3476 20.0483 20.4286 20.8841 21.2223 21.3482 
20.0591 20.178 20.3516 20.0016 20.3476 20.0483 20.3862 20.3136 21.2223 21.3481 
20.0145 20.0018 20.3122 20 20.3476 20.0483 20.0228 20.3124 21.182 21.3481 
20.0145 20.0008 20.3122 20 20.3476 20.0483 20.0228 20.3124 21.0878 21.3481 
