216.58 164.723 272.122 151.31 179.32 250.636 261.472 208.427 167.409 217.113 
126.874 98.1712 121.762 105.861 122.013 137.377 152.542 116.645 140.125 78.0213 
43.6381 58.9902 81.3756 45.1209 60.4376 62.0916 86.2506 75.5323 57.1635 71.3825 
25.0058 23.5777 21.1417 22.3053 23.3162 21.3898 22.0242 25.23 23.9254 24.0245 
20.0485 20.0295 20.0361 20.3589 20.0327 20.0232 20.0329 20.028 20.344 20.0429 
20.003 20.0017 20.0023 20.316 20.0023 20.0047 20.005 20.0031 20.3153 20.0052 
20.0022 20.0013 20.0008 20.3135 20.0008 20.001 20.0009 3.35731 20.3139 20.0018 
20.002 20.0013 20.0003 20.3126 20.0004 20.0007 20.0007 0.408699 20.3133 20.0007 
20.0002 20.0013 20.0003 20.3126 20.0004 20.0006 20.0007 0.385188 20.3133 20.0007 
20.0001 20.0013 20.0002 20.3124 20.0001 20.0001 20.0001 0.385163 20.3127 20.0006 
20.0001 20.0013 20.0002 20.3124 20.0001 20.0001 20.0001 0.385163 20.3124 20.0006 
20.0001 20.0013 20.0002 20.3124 20.0001 20.0001 20.0001 0.385163 20.3124 20.0006 
20.0001 20.0013 20.0002 20.3124 20.0001 20.0001 20.0001 0.385163 20.3124 20.0006 
20.0001 20.0013 20.0002 20.3124 20.0001 20.0001 20.0001 0.385163 20.3124 20.0006 
