4.06812e+09 3.52142e+09 4.02458e+09 4.08083e+09 4.02295e+09 4.28399e+09 3.6632e+09 2.71311e+09 4.9636e+09 3.76917e+09 
3.08461e+08 1.95936e+08 2.26487e+08 2.24722e+08 2.50849e+08 1.95409e+08 2.8301e+08 1.45917e+08 1.59805e+08 1.80165e+08 
7.11036e+06 5.61665e+06 3.43973e+06 4.65104e+06 3.33297e+06 2.05907e+06 4.08274e+06 4.51112e+06 1.8362e+06 3.61838e+06 
1.49796e+06 3.30005e+06 1.60997e+06 620049 888311 623395 431617 1.99828e+06 188100 1.93347e+06 
71553.9 940070 560459 342869 138632 262456 8170.44 374642 29755.7 183202 
59840.8 724314 328440 322544 43113.2 250734 1990.77 223158 27310.1 177677 
59837.8 585072 324261 318468 25136.5 250401 1865.15 131783 27204.5 177358 
59837.5 561708 323054 315232 22492.4 249951 1812.21 126249 27099 176993 
59837.2 550068 322093 311079 21028.1 249692 1811.28 120514 27036.3 176382 
59837 549012 321349 308129 21014.3 249382 1811.17 117816 27002.1 176166 
59836.9 548555 320839 305510 21011.9 249206 1811.09 114687 26968.1 175834 
59836.9 547969 320374 303336 21010.1 248975 1810.99 114337 26916.8 175532 
59836.9 547432 319879 302847 21000.6 248843 1810.93 114305 26880.2 175119 
59836.9 547104 319470 302611 20995.9 248610 1810.91 114251 26845.6 174664 
