1.12628e+07 3.59556e+07 1.88504e+07 5.06395e+07 2.48094e+07 3.04322e+07 2.48561e+07 3.89077e+07 3.30633e+07 1.97284e+07 
2.39819e+06 4.21142e+06 3.41081e+06 6.55611e+06 5.27938e+06 5.63666e+06 3.50892e+06 7.79187e+06 2.86234e+06 2.88208e+06 
113065 111803 120270 274101 159875 124059 210540 410711 59091.6 75559.1 
546.084 546.164 304.374 498.053 328.293 557.556 490.244 369.043 371.751 522.341 
7.75324 16.5876 1.59893 4.22328 3.66667 6.26967 4.59515 15.1259 2.73811 1.09815 
2.68269 0.810232 1.10519 1.00352 0.508912 4.31103 3.58879 12.5512 1.11656 0.208856 
1.76354 0.634505 0.927319 0.739011 0.483141 3.88069 3.28229 11.3877 0.653036 0.208829 
1.72274 0.607989 0.912275 0.737203 0.481532 3.72361 3.07366 11.3816 0.644982 0.20882 
1.6925 0.576303 0.798108 0.733435 0.481516 3.38374 2.12818 11.3816 0.628874 0.20882 
1.69233 0.568998 0.745977 0.71878 0.481516 3.33128 2.10646 11.3815 0.628874 0.20882 
1.69233 0.567723 0.712803 0.716822 0.481516 3.15535 2.09126 11.3815 0.628874 0.208819 
1.69233 0.547313 0.696204 0.714761 0.481516 2.71827 2.02997 11.3815 0.628874 0.208819 
1.69233 0.54545 0.670863 0.709699 0.481516 2.69805 1.98602 11.3815 0.628874 0.208819 
1.69233 0.545203 0.610843 0.707327 0.481516 2.59328 1.8951 11.3815 0.628874 0.208818 
