694.082 681.082 726.197 733.329 717.676 624.402 701.903 678.481 689.788 700.581 
627.911 677.92 635.319 651.284 639.097 624.402 648.003 644.467 648.57 654.156 
626.145 635.896 635.319 651.284 623.338 624.402 623.113 629.889 632.164 633.473 
593.262 566.102 577.242 560.679 591.321 532.557 569.78 569.716 606.352 570.492 
530.272 533.686 498.451 537.604 539.676 532.557 553.099 517.127 523.915 549.347 
508.527 505.314 473.779 504.893 497.935 514.751 506.695 481.353 494.284 491.663 
461.157 474.958 467.946 476.532 464.477 487.664 466.959 481.083 485.405 480.509 
461.157 447.486 467.946 476.532 464.477 477.587 462.276 453.973 467.347 461.403 
461.157 447.486 467.946 461.302 464.477 443.599 431.353 451.322 449.696 433.332 
460.814 447.486 457.276 446.41 446.315 421.446 431.353 423.565 412.943 433.332 
460.814 447.486 457.276 425.571 446.315 421.446 431.353 419.388 412.943 433.332 
457.934 405.038 448.309 425.571 444.758 421.446 431.353 419.388 412.943 433.332 
457.122 405.038 447.537 425.571 444.758 421.446 431.353 410.269 412.943 433.332 
441.813 405.038 435.012 425.571 433.45 420.344 431.353 410.269 412.943 408.606 
