85.7767 91.146 122.275 119.075 137.586 131.94 134.173 113.587 133.963 112.359 
85.7767 91.146 122.275 119.075 137.586 131.94 134.173 113.587 133.963 112.359 
85.7767 91.146 122.275 119.075 137.586 131.94 134.173 113.587 133.963 112.359 
85.7767 91.146 122.275 119.075 137.586 131.94 134.173 113.587 133.963 112.359 
85.7767 91.146 122.275 119.075 137.586 131.94 134.173 113.587 133.963 112.359 
85.7767 91.146 122.275 119.075 137.586 131.94 134.173 113.587 133.963 112.359 
85.7767 91.146 122.275 119.075 137.586 131.94 134.173 113.587 133.963 112.359 
85.7767 91.146 122.275 119.075 137.586 131.94 134.173 113.587 133.963 112.359 
85.7767 91.146 122.275 119.075 137.586 131.94 134.173 113.587 133.963 112.359 
85.7767 91.146 122.275 119.075 137.586 131.94 134.173 113.587 133.963 112.359 
85.7767 91.146 122.275 119.075 137.586 131.94 134.173 113.587 133.963 112.359 
85.7767 91.146 122.275 119.075 137.586 131.94 134.173 113.587 133.963 112.359 
85.7767 91.146 122.275 119.075 137.586 131.94 134.173 113.587 133.963 112.359 
85.7767 91.146 122.275 119.075 137.586 131.94 134.173 113.587 133.963 112.359 
