233.958 240.248 234.184 243.488 233.05 245.183 236.165 247.922 228.214 224.824 
233.94 240.155 234.14 243.367 233.034 245.175 236.151 247.904 228.182 224.78 
233.94 240.155 234.14 243.367 233.034 245.175 236.151 247.904 228.182 224.78 
233.94 240.155 234.14 243.367 233.034 245.175 236.151 247.904 228.182 224.78 
233.94 240.155 234.14 243.367 233.034 245.175 236.151 247.904 228.182 224.78 
233.94 240.155 234.14 243.367 233.034 245.175 236.151 247.904 228.182 224.78 
233.94 240.155 234.14 243.367 233.034 245.175 236.151 247.904 228.182 224.78 
233.94 240.155 234.14 243.367 233.034 245.175 236.151 247.904 228.182 224.78 
233.94 240.155 234.14 243.367 233.034 245.175 236.151 247.904 228.182 224.78 
233.94 240.155 234.14 243.367 233.034 245.175 236.151 247.904 228.182 224.78 
233.94 240.155 234.14 243.367 233.034 245.175 236.151 247.904 228.182 224.78 
233.94 240.155 234.14 243.367 233.034 245.175 236.151 247.904 228.182 224.78 
233.94 240.155 234.14 243.367 233.034 245.175 236.151 247.904 228.182 224.78 
233.94 240.155 234.14 243.367 233.034 245.175 236.151 247.904 228.182 224.78 
