4.45268e+06 4.39436e+06 3.86725e+06 3.72951e+06 3.50708e+06 8.76914e+06 4.47932e+06 7.0639e+06 3.72999e+06 557289 
4.45268e+06 4.39436e+06 3.86725e+06 3.72951e+06 3.50708e+06 8.76914e+06 4.47932e+06 7.0639e+06 3.72999e+06 557289 
4.45268e+06 4.39436e+06 3.86725e+06 3.72951e+06 3.50708e+06 8.76914e+06 4.47932e+06 7.0639e+06 3.72999e+06 557289 
4.45268e+06 4.39436e+06 3.86725e+06 3.72951e+06 3.50708e+06 8.76914e+06 4.47932e+06 7.0639e+06 3.72999e+06 557289 
4.45268e+06 4.39436e+06 3.86725e+06 3.72951e+06 3.50708e+06 8.76914e+06 4.47932e+06 7.0639e+06 3.72999e+06 557289 
4.45268e+06 4.39436e+06 3.86725e+06 3.72951e+06 3.50708e+06 8.76914e+06 4.47932e+06 7.0639e+06 3.72999e+06 557289 
4.45268e+06 4.39436e+06 3.86725e+06 3.72951e+06 3.50708e+06 8.76914e+06 4.47932e+06 7.0639e+06 3.72999e+06 557289 
4.45268e+06 4.39436e+06 3.86725e+06 3.72951e+06 3.50708e+06 8.76914e+06 4.47932e+06 7.0639e+06 3.72999e+06 557289 
4.45268e+06 4.39436e+06 3.86725e+06 3.72951e+06 3.50708e+06 8.76914e+06 4.47932e+06 7.0639e+06 3.72999e+06 557289 
4.45268e+06 4.39436e+06 3.86725e+06 3.72951e+06 3.50708e+06 8.76914e+06 4.47932e+06 7.0639e+06 3.72999e+06 557289 
4.45268e+06 4.39436e+06 3.86725e+06 3.72951e+06 3.50708e+06 8.76914e+06 4.47932e+06 7.0639e+06 3.72999e+06 557289 
4.45268e+06 4.39436e+06 3.86725e+06 3.72951e+06 3.50708e+06 8.76914e+06 4.47932e+06 7.0639e+06 3.72999e+06 557289 
4.45268e+06 4.39436e+06 3.86725e+06 3.72951e+06 3.50708e+06 8.76914e+06 4.47932e+06 7.0639e+06 3.72999e+06 557289 
4.45268e+06 4.39436e+06 3.86725e+06 3.72951e+06 3.50708e+06 8.76914e+06 4.47932e+06 7.0639e+06 3.72999e+06 557289 
