499.886 499.423 500.002 498.894 494.685 498.255 499.996 499.938 498.84 499.914 
499.886 499.372 500.002 498.894 494.685 498.255 499.996 499.938 498.84 499.914 
499.886 499.372 500.002 498.894 494.685 498.255 499.996 499.938 498.84 499.914 
499.886 499.372 500.002 498.894 494.685 498.255 499.996 499.938 498.84 499.914 
499.886 482.644 500.002 498.894 494.685 498.255 499.996 499.938 498.84 499.914 
499.886 472.5 500.002 498.894 494.685 498.255 499.996 499.938 498.84 473.409 
499.886 472.5 500.002 498.894 472.501 498.255 499.964 499.938 498.84 472.5 
497.925 472.5 500.002 472.514 472.5 498.255 499.964 472.504 498.84 472.5 
497.925 472.5 500.002 472.5 472.5 476.043 499.964 472.5 472.5 472.5 
497.925 472.5 500.002 472.5 472.5 472.5 499.964 472.5 472.5 472.5 
497.925 472.5 500.002 472.5 472.5 472.5 499.964 472.5 472.5 472.5 
497.925 472.5 500.002 472.5 472.5 472.5 499.964 472.5 472.5 472.5 
497.925 472.5 500.002 472.5 472.5 472.5 499.964 472.5 472.5 472.5 
497.925 472.5 500.002 472.5 472.5 472.5 499.964 472.5 472.5 472.5 
