2764.87 1916.23 1982.97 1353.58 1716.68 843.772 1460.63 1875.17 2144.67 2883.39 
174.177 195.762 212.456 214.594 228.286 160.435 110.555 152.161 161.4 350.308 
19.5782 15.1621 30.3072 28.2053 19.2952 13.7023 13.1038 23.9867 22.4617 17.3778 
9.3467 9.85067 10.3559 8.6917 8.79271 6.07632 7.6166 11.8396 8.36132 10.0344 
2.75853 2.12673 1.79851 0.344575 2.88023 3.10447 3.28478 2.53147 1.63319 0.490154 
0 0 0 0 0 0.994959 0.994959 0 0.994959 0 
0 0 0 0 0 0.994959 0.994959 0 0.994959 0 
0 0 0 0 0 0.994959 0.994959 0 0.994959 0 
0 0 0 0 0 0.994959 0.994959 0 0.994959 0 
0 0 0 0 0 0.994959 0.994959 0 0.994959 0 
0 0 0 0 0 0.994959 0.994959 0 0.994959 0 
0 0 0 0 0 0.994959 0.994959 0 0.994959 0 
0 0 0 0 0 0.994959 0.994959 0 0.994959 0 
0 0 0 0 0 0.994959 0.994959 0 0.994959 0 
