156.15 190.055 148.392 157.5 170.705 140.454 132.686 148.75 172.437 143.963 
156.15 190.055 148.392 157.5 170.705 140.454 132.686 148.75 172.437 143.963 
156.15 190.055 148.392 157.5 170.705 140.454 132.686 148.75 172.437 143.963 
156.15 190.055 148.392 157.5 170.705 140.454 132.686 148.75 172.437 143.963 
156.15 190.055 148.392 157.5 170.705 140.454 132.686 148.75 172.437 143.963 
156.15 190.055 148.392 157.5 170.705 140.454 132.686 148.75 172.437 143.963 
156.15 190.055 148.392 157.5 170.705 140.454 132.686 148.75 172.437 143.963 
156.15 190.055 148.392 157.5 170.705 140.454 132.686 148.75 172.437 143.963 
156.15 190.055 148.392 157.5 170.705 140.454 132.686 148.75 172.437 143.963 
156.15 190.055 148.392 157.5 170.705 140.454 132.686 148.75 172.437 143.963 
156.15 190.055 148.392 157.5 170.705 140.454 132.686 148.75 172.437 143.963 
156.15 190.055 148.392 157.5 170.705 140.454 132.686 148.75 172.437 143.963 
156.15 190.055 148.392 157.5 170.705 140.454 132.686 148.75 172.437 143.963 
156.15 190.055 148.392 157.5 170.705 140.454 132.686 148.75 172.437 143.963 
