500.002 499.99 499.647 499.083 499.547 500.002 500.002 496.487 498.39 499.968 
500.002 499.99 499.647 499.083 499.547 500.002 500.002 496.487 498.39 499.968 
500.002 499.99 499.647 499.083 499.547 500.002 500.002 496.487 498.39 499.968 
500.002 499.99 499.647 499.083 499.547 500.002 500.002 496.487 498.39 499.968 
500.002 494.503 490.293 473.269 472.518 500.002 500.002 473.208 472.5 488.422 
500.002 472.5 472.5 472.5 472.5 500.002 500.001 472.5 472.5 472.5 
500.002 472.5 472.5 472.5 472.5 500.002 500.001 472.5 472.5 472.5 
500.002 472.5 472.5 472.5 472.5 500.002 500.001 472.5 472.5 472.5 
500.002 472.5 472.5 472.5 472.5 500.002 500.001 472.5 472.5 472.5 
500.002 472.5 472.5 472.5 472.5 500.002 500.001 472.5 472.5 472.5 
500.002 472.5 472.5 472.5 472.5 500.002 500.001 472.5 472.5 472.5 
500.002 472.5 472.5 472.5 472.5 500.002 500.001 472.5 472.5 472.5 
500.002 472.5 472.5 472.5 472.5 500.002 500.001 472.5 472.5 472.5 
500.002 472.5 472.5 472.5 472.5 500.002 500.001 472.5 472.5 472.5 
