29074.1 19274.6 21467.6 18718.2 27595.8 18550 18232.5 26549.8 31663.8 35692.2 
24679.9 14581 21467.6 18718.2 27015 18550 18232.5 26549.8 28913.3 25162.9 
24679.9 14581 21467.6 18718.2 23659.6 18550 18232.5 26549.8 22027.7 25162.9 
20419 12834.6 19423.6 17135.1 11955.7 18550 18136.8 26549.8 22027.7 15407.8 
12880.3 7911.35 12176.2 10979 10695.1 13619.3 10281.4 14355.3 11246.7 13936.2 
3028.76 2697.35 4442.74 3931.22 3168.99 4141.73 3097.56 5349.17 3496.45 4226.39 
1316.4 915.595 1383.64 1185.96 970.597 1547.03 1177.74 1773.55 1029.04 1433.8 
447.352 359.306 561.116 430.813 521.905 580.406 408.795 618.607 476.323 500.425 
194.972 199.518 237.891 216.584 239.062 243.181 223.774 261.34 268.906 250.948 
136.901 138.211 169.696 165.287 155.849 187.542 165.446 146.581 145.249 157.266 
136.901 90.1855 144.752 121.294 144.231 146.815 128.294 140.533 131.997 133.939 
125.018 90.1855 123.774 119.002 129.513 125.917 112.244 109.916 115.982 126.469 
120.129 90.1855 121.142 111.954 114.401 104.494 112.244 109.916 115.982 106.384 
116.567 90.1855 118.422 111.785 110.801 104.494 91.6837 108.921 92.7783 101.935 
