500.007 500.007 500.007 500.007 500.007 500.007 500.007 500.007 500.007 500.007 
500.007 500.007 500.007 500.007 500.007 500.007 500.007 500.007 500.007 500.007 
500.007 500.007 500.007 500.007 500.007 500.007 500.007 500.007 500.007 500.007 
500.007 500.007 500.007 500.006 500.007 500.007 500.007 500.007 500.007 500.007 
500.006 500.006 500.006 500.006 500.006 500.006 500.006 500.006 500.005 500.006 
500.006 500.006 500.006 500.006 500.006 500.006 500.006 500.006 500.005 500.006 
500.006 500.006 500.006 500.006 500.006 500.006 500.006 500.006 500.005 500.006 
500.006 500.006 500.006 500.006 500.006 500.006 500.006 500.006 500.005 500.006 
500.006 500.006 500.006 500.006 500.006 500.006 500.006 500.006 500.005 500.006 
500.006 500.006 500.006 500.006 500.006 500.006 500.006 500.006 500.005 500.006 
500.006 500.006 500.006 500.006 500.006 500.006 500.006 500.006 500.005 500.006 
500.006 500.006 500.006 500.006 500.006 500.006 500.006 500.006 500.005 500.006 
500.006 500.006 500.006 500.006 500.006 500.006 500.006 500.006 500.005 500.006 
500.006 500.006 500.006 500.006 500.006 500.006 500.006 500.006 500.005 500.006 
