12344.4 13720.8 17204 13369.9 19140.4 13110.3 15613.8 16004.2 18781.8 14315.3 
27.2838 16.8409 25.1423 33.9684 42.0243 27.165 44.2737 35.9862 30.2415 22.8097 
5.80649e-05 8.28598e-05 4.46907e-05 3.78281e-05 5.02344e-05 5.87301e-05 7.30891e-05 2.32093e-05 8.52173e-05 3.27834e-05 
0 0 0 0 0 0 0 0 0 0 
0 0 0 0 0 0 0 0 0 0 
0 0 0 0 0 0 0 0 0 0 
0 0 0 0 0 0 0 0 0 0 
0 0 0 0 0 0 0 0 0 0 
0 0 0 0 0 0 0 0 0 0 
0 0 0 0 0 0 0 0 0 0 
0 0 0 0 0 0 0 0 0 0 
0 0 0 0 0 0 0 0 0 0 
0 0 0 0 0 0 0 0 0 0 
0 0 0 0 0 0 0 0 0 0 
