1.81142e+07 5.821e+07 4.76756e+07 3.61317e+07 2.83974e+07 4.00867e+07 4.6757e+07 3.64309e+07 5.35782e+07 5.76229e+07 
36123.1 17446.4 83726.9 65806.1 40992.4 53330.6 34357 44504.8 64361 28195.2 
246.845 247.903 242.277 250.363 247.168 246.915 236.881 238.08 236.64 228.311 
213.859 211.25 208.737 211.315 212.493 213.012 210.574 215.989 211.371 212.789 
209.954 206.995 204.968 207.186 207.272 205.203 206.912 207.035 207.246 209.298 
209.954 206.995 204.968 207.186 207.272 205.203 206.912 207.035 207.246 209.298 
209.954 206.995 204.968 207.186 207.272 205.203 206.912 207.035 207.246 209.298 
209.954 206.995 204.968 207.186 207.272 205.203 206.912 207.035 207.246 209.298 
209.954 206.995 204.968 207.186 207.272 205.203 206.912 207.035 207.246 209.298 
209.954 206.995 204.968 207.186 207.272 205.203 206.912 207.035 207.246 209.298 
209.954 206.995 204.968 207.186 207.272 205.203 206.912 207.035 207.246 209.298 
209.954 206.995 204.968 207.186 207.272 205.203 206.912 207.035 207.246 209.298 
209.954 206.995 204.968 207.186 207.272 205.203 206.912 207.035 207.246 209.298 
209.954 206.995 204.968 207.186 207.272 205.203 206.912 207.035 207.246 209.298 
