565.156 559.677 585.179 579.286 600.191 626.589 505.833 569.68 546.179 554.229 
460.024 457.861 453.796 457.3 435.565 461.137 455.791 431.215 447.357 459.569 
401.712 401.082 405.508 400.207 401.666 404.262 399.844 399.259 400.744 401.04 
398.336 397.743 397.743 397.743 398.303 398.336 398.354 398.138 398.158 397.743 
398.009 397.743 397.743 397.743 398.009 398.032 398.036 398.009 398.009 397.743 
398.009 397.743 397.743 397.743 398.009 398.032 398.036 398.009 398.009 397.743 
398.009 397.743 397.743 397.743 398.009 398.032 398.036 398.009 398.009 397.743 
398.009 397.743 397.743 397.743 398.009 398.032 398.036 398.009 398.009 397.743 
398.009 397.743 397.743 397.743 398.009 398.032 398.036 398.009 398.009 397.743 
398.009 397.743 397.743 397.743 398.009 398.032 398.036 398.009 398.009 397.743 
398.009 397.743 397.743 397.743 398.009 398.032 398.036 398.009 398.009 397.743 
398.009 397.743 397.743 397.743 398.009 398.032 398.036 398.009 398.009 397.743 
398.009 397.743 397.743 397.743 398.009 398.032 398.036 398.009 398.009 397.743 
398.009 397.743 397.743 397.743 398.009 398.032 398.036 398.009 398.009 397.743 
