108.216 111.066 107.937 110.853 111.293 110.451 110.673 111.426 110.68 109.014 
100.036 100.295 100.291 101.323 100.007 100.522 100.014 100.016 100.693 100.015 
100 100.286 100.286 101.292 100 100.508 100 100 100.684 100 
100 100.286 100.286 101.292 100 100.508 100 100 100.684 100 
100 100.286 100.286 101.292 100 100.508 100 100 100.684 100 
100 100.286 100.286 101.292 100 100.508 100 100 100.684 100 
100 100.286 100.286 101.292 100 100.508 100 100 100.684 100 
100 100.286 100.286 101.292 100 100.508 100 100 100.684 100 
100 100.286 100.286 101.292 100 100.508 100 100 100.684 100 
100 100.286 100.286 101.292 100 100.508 100 100 100.684 100 
100 100.286 100.286 101.292 100 100.508 100 100 100.684 100 
100 100.286 100.286 101.292 100 100.508 100 100 100.684 100 
100 100.286 100.286 101.292 100 100.508 100 100 100.684 100 
100 100.286 100.286 101.292 100 100.508 100 100 100.684 100 
