190.612 198.869 183.101 169.173 248.893 206.873 222.331 245.388 183.617 202.866 
78.0054 129.82 102.6 123.093 97.8024 130.084 170.301 112.024 79.2011 129.674 
37.9452 75.0699 51.7547 53.0305 46.2249 47.779 74.2435 71.5795 68.9511 54.4741 
20.556 25.4913 20.2331 21.1169 23.1717 20.6092 23.0335 21.2193 24.9733 25.2765 
20.0168 20.0349 20.0221 20.0279 20.0196 20.338 20.0261 20.0279 20.0471 20.0407 
20.0019 6.71922 20.0023 20.0032 20.0022 20.3156 20.0042 20.0022 20.0026 20.0029 
20.0004 0.135056 20.001 20.0009 20.0007 20.3128 20.0015 20.0007 20.0006 20.0005 
20.0002 0.135056 20.0009 20.0007 20.0003 20.3127 20.0013 20.0007 20.0005 20.0003 
20.0002 0.135056 20.0008 20.0007 20.0003 20.3127 20.0013 20.0007 20.0005 20.0003 
20.0002 0.135056 20.0008 20.0007 20.0003 20.3127 20.0013 20.0007 20.0005 20.0003 
20.0002 0.135056 20.0008 20.0007 20.0003 20.3127 20.0013 20.0007 20.0005 20.0003 
20.0002 0.135056 20.0008 20.0007 20.0003 20.3127 20.0013 20.0007 20.0005 20.0003 
20.0002 0.135056 20.0008 20.0007 20.0003 20.3127 20.0013 20.0007 20.0005 20.0003 
20.0002 0.135056 20.0008 20.0007 20.0003 20.3127 20.0013 20.0007 20.0005 20.0003 
