1079.19 1277.74 1341.92 1386.57 1369.26 1393.27 1288.03 1228.23 1129.46 1028.44 
1079.19 1277.74 1341.92 1386.57 1338 1333.89 1288.03 1228.23 1129.46 1028.44 
1079.19 1277.74 1341.92 1386.57 1338 1333.89 1232.96 1228.23 1129.46 1028.44 
1079.19 1222.54 1341.92 1338.83 1338 1201.46 1232.96 1115.55 1129.46 1028.44 
1079.19 1222.54 1205.41 1227.06 1197 1099.93 1141.1 1115.55 971.096 1028.44 
1079.19 1222.54 1180.17 971.053 1130.7 1099.93 1140.11 1115.55 971.096 1028.44 
1079.19 1157.32 187.201 208.028 421.592 425.179 1140.11 293.195 651.864 1028.44 
168.509 394.053 171.129 147.156 390.963 194.018 456.763 176.515 173.893 1021.66 
128.397 356.434 164.255 125.098 388.061 194.018 423.089 167.875 164.408 1021.66 
119.452 352.551 156.526 125.098 373.395 182.49 420.307 165.378 163.116 233.873 
118.215 340.778 155.282 125.098 348.919 182.49 415.32 159.074 155.237 113.237 
112.664 340.778 154.919 125.098 348.102 181.605 409.768 156.243 155.237 92.703 
87.5446 315.942 146.574 92.1178 348.102 178.7 406.478 156.243 155.231 79.4142 
73.7361 312.677 128.469 90.089 347.881 176.907 400.051 149.542 147.103 79.4142 
