8.34686e+08 1.39943e+09 1.67979e+09 8.90891e+08 2.2348e+09 1.64136e+09 1.96434e+09 1.85883e+09 2.07824e+09 1.15973e+09 
9.44535e+07 8.77792e+07 8.32214e+07 1.13989e+08 1.29958e+08 1.21736e+08 1.74908e+08 1.04079e+08 2.206e+08 5.18809e+07 
1.25511e+06 1.2315e+06 1.29457e+06 1.59146e+06 1.70751e+06 2.33439e+06 4.97009e+06 1.97807e+06 3.36263e+06 1.53359e+06 
35.2403 30.4625 18.274 26.8946 71.4505 41.9153 45.7252 42.8398 24.2004 20.6031 
0 0 0 0 0 0 0 0 0 0 
0 0 0 0 0 0 0 0 0 0 
0 0 0 0 0 0 0 0 0 0 
0 0 0 0 0 0 0 0 0 0 
0 0 0 0 0 0 0 0 0 0 
0 0 0 0 0 0 0 0 0 0 
0 0 0 0 0 0 0 0 0 0 
0 0 0 0 0 0 0 0 0 0 
0 0 0 0 0 0 0 0 0 0 
0 0 0 0 0 0 0 0 0 0 
