3619.81 3219.52 3485.28 4007.06 2675.78 4168.13 3692.09 4755.44 3734.72 3589.28 
3551.42 3219.52 3485.28 3912.9 2675.78 4168.13 3356.62 4349.35 3706.49 3589.28 
3551.42 3007.6 3485.28 3415.18 2675.78 4168.13 3356.62 4349.35 3326.71 3222.71 
3019.4 2843.58 3485.28 2617.3 2675.78 4144.26 3190.16 4327.08 3326.71 3222.71 
3019.4 2836.91 3309.1 2617.3 2675.78 3528.1 2809.39 2729.23 2821.63 2641.02 
2493.83 2174.93 1879.39 2046.83 2622.49 2741.04 2447.09 2729.23 2311.95 2620.89 
2493.83 2174.93 1879.39 1950.53 2424.2 2173.09 2263.15 2304.85 2092.68 2223.18 
1771.16 2048.72 1879.39 1950.53 2282.6 2173.09 2133.97 2216.25 2092.68 2163.85 
1771.16 2048.72 1879.39 1950.53 2096.97 2173.09 2094.93 2092 1899.46 2115.16 
1644.63 1745.04 1761.67 1840.14 1993.51 2173.09 1616.55 2022.1 1899.46 2079.31 
1644.63 1387.33 1761.67 1840.14 1993.51 1886.94 1616.55 2022.1 1813.6 1408.85 
1644.63 1387.33 1761.67 1840.14 1993.51 1886.94 1616.55 1697.36 1813.6 1408.85 
1179.07 1066.31 1513.57 1840.14 1707.11 1886.94 1616.55 1697.36 1813.6 1408.85 
1179.07 632.473 1190.95 1840.14 1707.11 1886.94 1616.55 1697.36 1494.36 1408.85 
