37864.8 62261.8 30979.8 45136.6 25618.6 69236.7 72798.7 64685.9 46714 94402.4 
21362.8 12365.6 15237.1 11362.1 20610.7 21412.3 12516.8 21234.5 17073.2 23345 
844.116 974.316 472.327 1095.85 1113.27 1150.5 400.333 1281.56 1107.65 802.327 
0.00303658 0.000974512 0.000928209 0.00191242 0.00465856 0.00462938 0.00109279 0.00394681 0.00204681 0.00109859 
0 0 0 0 0 0 0 0 0 0 
0 0 0 0 0 0 0 0 0 0 
0 0 0 0 0 0 0 0 0 0 
0 0 0 0 0 0 0 0 0 0 
0 0 0 0 0 0 0 0 0 0 
0 0 0 0 0 0 0 0 0 0 
0 0 0 0 0 0 0 0 0 0 
0 0 0 0 0 0 0 0 0 0 
0 0 0 0 0 0 0 0 0 0 
0 0 0 0 0 0 0 0 0 0 
