7.63087e+07 9.3446e+07 9.21771e+07 8.80106e+07 8.88406e+07 1.19809e+08 8.94018e+07 8.69421e+07 8.64878e+07 6.84105e+07 
2.63953e+06 2.47462e+06 3.4591e+06 2.74325e+06 2.59814e+06 2.22423e+06 2.60792e+06 3.25156e+06 1.29833e+06 1.8144e+06 
566.595 436.668 732.884 3362.83 11009.4 4119.33 787.558 4271.58 724.766 531.393 
162.377 20.3705 112.254 2454.81 9839.43 3361.56 16.1595 3134.25 48.3259 145.957 
162.316 16.2295 109.596 10.4487 7519.73 54.8708 16.116 21.8702 39.5807 145.83 
162.315 16.0009 94.015 9.85414 161.272 13.2731 11.5204 13.3888 8.57957 144.453 
161.998 16.0009 94.0106 9.70128 157.997 8.29358 11.4637 13.3337 8.57494 144.27 
161.998 8.76633 94.0099 9.70071 156.061 7.14597 11.4404 13.2545 8.57475 144.27 
161.998 8.67448 94.0088 9.69991 155.548 7.02309 11.4268 13.1562 8.57454 144.27 
161.998 8.56952 94.0081 9.69678 155.299 7.02169 11.4196 13.1477 8.57434 144.27 
161.998 8.46902 94.0077 9.68887 155.143 7.0194 11.4149 13.134 8.57414 144.27 
161.998 8.35905 94.0068 9.68611 155.037 7.0182 11.4125 13.1243 8.574 144.27 
161.998 8.25434 94.0063 9.68517 154.943 7.01725 11.4109 13.1187 8.57379 144.27 
161.998 8.18023 94.0058 9.67885 154.864 7.01634 11.4098 13.1099 8.57363 144.27 
