214.142 289.822 95.2904 275.431 159.912 199.76 182.722 301.274 36.9095 47.3294 
213.862 289.755 95.1177 275.368 159.836 199.735 182.447 301.076 36.8642 47.2098 
213.862 289.755 95.1177 275.368 159.836 199.735 182.447 301.076 36.8642 47.2098 
213.862 289.755 95.1177 275.368 159.836 199.735 182.447 301.076 36.8642 47.2098 
213.862 289.755 95.1177 275.368 159.836 199.735 182.447 301.076 36.8642 47.2098 
213.862 289.755 95.1177 275.368 159.836 199.735 182.447 301.076 36.8642 47.2098 
213.862 289.755 95.1177 275.368 159.836 199.735 182.447 301.076 36.8642 47.2098 
213.862 289.755 95.1177 275.368 159.836 199.735 182.447 301.076 36.8642 47.2098 
213.862 289.755 95.1177 275.368 159.836 199.735 182.447 301.076 36.8642 47.2098 
213.862 289.755 95.1177 275.368 159.836 199.735 182.447 301.076 36.8642 47.2098 
213.862 289.755 95.1177 275.368 159.836 199.735 182.447 301.076 36.8642 47.2098 
213.862 289.755 95.1177 275.368 159.836 199.735 182.447 301.076 36.8642 47.2098 
213.862 289.755 95.1177 275.368 159.836 199.735 182.447 301.076 36.8642 47.2098 
213.862 289.755 95.1177 275.368 159.836 199.735 182.447 301.076 36.8642 47.2098 
