407.882 606.294 491.772 448.36 591.415 511.585 489.406 371.787 537.221 512.064 
368.259 321.483 186.027 226.088 290.285 402.304 352.875 334.431 365.348 268.785 
271.936 186.236 186.027 177.057 241.659 281.177 224.409 208.726 279.166 65.6613 
121.785 52.1114 76.4697 58.5403 89.9311 109.415 91.6086 192.697 67.7169 52.257 
2.83585 1.57323 1.43145 1.93212 2.27106 1.01757 4.20905 1.77808 2.54623 1.89973 
1.23104 1.20824 1.43145 1.20817 2.27096 1.01411 1.66035 1.69906 2.54623 1.48292 
1.231 1.20824 1.43145 1.20817 1.16193 1.01411 1.66035 1.69899 2.54623 1.48292 
1.231 1.20824 1.43145 1.20817 1.16193 1.01411 1.66035 1.69899 2.54623 1.48292 
1.231 1.20824 1.43145 1.20817 1.16193 1.01411 1.66035 1.69899 2.54623 1.48292 
1.231 1.20824 1.43145 1.20817 1.16193 1.01411 1.66035 1.69899 2.54623 1.48292 
1.231 1.20824 1.43145 1.20817 1.16193 1.01411 1.66035 1.69899 2.54623 1.48292 
1.231 1.20824 1.43145 1.20817 1.16193 1.01411 1.66035 1.69899 2.54623 1.48292 
1.231 1.20824 1.43145 1.20817 1.16193 1.01411 1.66035 1.69899 2.54623 1.48292 
1.231 1.20824 1.43145 1.20817 1.16193 1.01411 1.66035 1.69899 2.54623 1.48292 
