540207 573164 357761 1.06542e+06 647535 387099 691122 283996 454282 371098 
9510.08 9780.62 5144.85 16441.7 5837.64 8712 16246.2 10990.8 15499.7 15878.1 
122.241 63.9194 85.4918 108.907 82.9656 69.007 139.341 68.0782 130.697 91.0132 
22.185 22.1751 21.1882 21.86 21.4753 20.6314 22.1344 21.8744 21.5856 20.8985 
20.3064 20.2862 20.355 20.2281 20.1866 20.3245 20.2159 20.1736 20.2404 20.5408 
20.061 20.0512 20.0508 20.0428 20.0215 20.1659 20.1217 20.0415 20.0441 20.4979 
20.0283 20.0239 20.0171 20.0216 20.0105 20.1442 20.099 20.0239 20.0226 20.457 
20.0242 20.0222 20.0148 20.0102 20.0087 20.1359 20.094 20.0182 20.0076 20.4517 
20.0238 20.0212 20.0139 20.0077 20.0083 20.1341 20.0925 20.0173 20.0046 20.451 
20.0236 20.021 20.0136 20.0066 20.0082 20.1341 20.0919 20.0164 20.0038 20.4506 
20.0236 20.021 20.0136 20.0065 20.0082 20.1341 20.0918 20.0164 20.0037 20.4506 
20.0236 20.021 20.0136 20.0065 20.0082 20.1341 20.0918 20.0164 20.0037 20.4506 
20.0236 20.021 20.0136 20.0065 20.0082 20.1341 20.0918 20.0164 20.0037 20.4506 
20.0236 20.021 20.0136 20.0065 20.0082 20.1341 20.0918 20.0164 20.0037 20.4506 
