1.7422e+08 1.39717e+08 1.18463e+08 1.00529e+08 1.44935e+08 1.19966e+08 9.3727e+07 1.37361e+08 1.67269e+08 1.22577e+08 
1.43656e+08 1.38775e+08 9.29108e+07 1.00529e+08 1.3454e+08 1.19966e+08 9.3727e+07 1.29311e+08 1.5342e+08 7.4688e+07 
1.43656e+08 1.3047e+08 9.29108e+07 1.00529e+08 1.20327e+08 1.00104e+08 9.3727e+07 1.12057e+08 8.68619e+07 7.4688e+07 
8.33248e+07 7.96929e+07 9.29108e+07 9.56473e+07 8.55436e+07 5.31644e+07 8.35178e+07 8.454e+07 7.62008e+07 7.4688e+07 
7.76589e+07 7.96929e+07 5.11551e+07 6.50711e+07 7.77639e+07 5.31644e+07 6.93727e+07 5.26967e+07 6.46507e+07 6.79207e+07 
3.92174e+07 4.33342e+07 3.43122e+07 2.8034e+07 4.70781e+07 4.19982e+07 3.3825e+07 4.86501e+07 3.70743e+07 4.03057e+07 
2.00361e+07 3.03861e+07 2.08105e+07 2.08533e+07 2.49448e+07 1.78239e+07 1.72866e+07 2.6352e+07 2.00884e+07 1.99102e+07 
1.08045e+07 1.6245e+07 1.11817e+07 1.02787e+07 9.52407e+06 1.2555e+07 1.02394e+07 1.17382e+07 1.08584e+07 9.10636e+06 
5.95471e+06 7.61122e+06 6.63264e+06 5.51474e+06 5.18286e+06 8.00152e+06 7.34762e+06 7.24886e+06 7.59637e+06 5.35364e+06 
2.7388e+06 5.76832e+06 3.55051e+06 3.43982e+06 2.22972e+06 3.99572e+06 3.09952e+06 4.26814e+06 3.61354e+06 2.89105e+06 
2.63888e+06 2.19619e+06 1.3393e+06 1.77723e+06 1.12205e+06 1.85269e+06 1.61587e+06 2.91441e+06 2.27119e+06 2.19903e+06 
1.5462e+06 1.68342e+06 1.09005e+06 1.13379e+06 854209 1.15584e+06 1.02375e+06 1.79265e+06 1.11859e+06 1.21834e+06 
787578 1.15164e+06 520345 725976 436361 457441 497656 672519 707728 759298 
365501 261579 358996 350988 149647 264619 299619 451493 374499 255647 
