72.4367 64.9773 61.4918 67.0691 76.7471 73.0156 59.3793 70.8655 77.1763 74.4787 
67.3995 59.9295 55.7473 51.5915 63.939 47.1561 43.3198 40.1568 52.2158 62.0504 
50.3938 47.4171 55.7473 50.1048 51.3101 47.1561 21.2974 40.1568 52.2158 41.8979 
50.1192 47.4171 44.4811 41.6401 41.8495 31.3518 21.2974 40.1568 44.7521 41.8979 
37.9617 34.6051 43.4309 40.3958 35.2037 31.3518 21.2974 38.4902 37.4015 38.2232 
35.866 34.6051 28.3402 25.395 35.1109 31.3518 21.2974 38.4902 17.9635 34.9299 
11.0613 34.6051 26.5734 5.96978 31.667 27.2502 19.7443 27.6549 6.96471 33.3985 
9.01806 34.0791 26.2827 5.96975 4.04109 21.9988 9.41004 3.37722 6.96471 25.4255 
9.01806 28.6051 7.27543 5.96975 3.97984 1.99535 9.41004 3.37722 6.96471 9.48112 
9.01806 23.6059 7.14761 5.96975 3.97984 1.99534 9.41004 3.37722 6.96471 1.98992 
9.01806 17.24 7.14761 5.96975 3.97984 1.99534 9.41004 3.37722 6.96471 1.98992 
9.01806 3.97988 7.14761 5.96975 3.97984 1.99534 9.41004 3.37722 6.96471 1.98992 
9.01806 3.97984 7.14761 5.96975 3.97984 1.99534 9.41004 3.37722 6.96471 1.98992 
9.01806 3.97984 7.14761 5.96975 3.97984 1.99534 9.41004 3.37722 6.96471 1.98992 
