22.188 16.9403 16.9878 24.6195 20.8758 17.4228 19.0013 15.6208 20.1634 23.3591 
16.9336 16.0125 14.0515 14.8974 20.204 10.8826 18.6761 14.065 19.2065 18.3181 
16.9334 16.0123 14.0507 14.8604 20.2038 10.8802 18.676 14.0647 19.2065 18.3108 
16.9334 16.0123 14.0507 14.8604 20.2038 10.8802 18.676 14.0647 19.2065 18.3108 
16.9334 16.0123 14.0507 14.8604 20.2038 10.8802 18.676 14.0647 19.2065 18.3108 
16.9334 16.0123 14.0507 14.8604 20.2038 10.8802 18.676 14.0647 19.2065 18.3108 
16.9334 16.0123 14.0507 14.8604 20.2038 10.8802 18.676 14.0647 19.2065 18.3108 
16.9334 16.0123 14.0507 14.8604 20.2038 10.8802 18.676 14.0647 19.2065 18.3108 
16.9334 16.0123 14.0507 14.8604 20.2038 10.8802 18.676 14.0647 19.2065 18.3108 
16.9334 16.0123 14.0507 14.8604 20.2038 10.8802 18.676 14.0647 19.2065 18.3108 
16.9334 16.0123 14.0507 14.8604 20.2038 10.8802 18.676 14.0647 19.2065 18.3108 
16.9334 16.0123 14.0507 14.8604 20.2038 10.8802 18.676 14.0647 19.2065 18.3108 
16.9334 16.0123 14.0507 14.8604 20.2038 10.8802 18.676 14.0647 19.2065 18.3108 
16.9334 16.0123 14.0507 14.8604 20.2038 10.8802 18.676 14.0647 19.2065 18.3108 
