222.403 215.459 219.391 217.001 225.685 222.686 601.5 220.545 226.311 227.548 
219.566 208.95 215.1 213.082 222.427 216.894 491.083 217.246 224.141 224.47 
219.564 208.945 214.446 212.799 221.668 216.855 491.023 217.244 224.141 224.442 
219.564 207.936 214.446 212.54 221.317 216.092 480.337 213.137 224.136 224.442 
217.048 207.936 214.446 212.54 221.317 215.719 433.421 212.621 224.136 224.442 
217.048 207.936 214.446 212.54 221.317 215.719 220.089 212.621 224.136 224.442 
217.047 207.936 214.446 212.54 221.317 215.719 220.089 212.621 224.136 224.442 
217.047 207.936 214.446 212.54 221.317 215.719 220.089 212.621 224.136 224.442 
217.047 207.936 214.446 212.54 221.317 215.719 220.089 212.621 224.136 224.442 
217.047 207.936 214.446 212.54 221.317 215.719 220.089 212.621 224.136 224.442 
217.047 207.936 214.445 212.54 221.317 215.719 220.089 212.621 224.136 224.442 
217.047 207.936 214.445 212.54 221.317 215.719 220.089 212.621 224.136 224.442 
217.047 207.936 214.445 212.54 221.317 215.719 220.089 212.621 224.136 224.442 
217.047 207.936 214.445 212.54 221.317 215.719 220.089 212.621 224.136 224.442 
