552.589 525.323 557.634 545.115 541.582 510.92 570.794 562.091 527.358 526.954 
461.837 467.591 461.746 467.014 453.7 465.706 469.731 456.543 433.667 471.739 
431.588 427.593 415.928 412.87 417.267 440.132 450.054 423.179 423.523 440.989 
401.882 401.357 399.172 399.202 399.544 400.158 405.176 399.065 399.717 399.994 
398.685 398.578 398.614 398.506 398.606 397.743 398.68 397.743 398.622 398.521 
398.372 398.372 398.317 398.351 398.319 397.743 398.369 397.743 398.281 398.343 
398.009 398.039 398.009 398.009 398.071 397.743 398.009 397.743 398.085 398.009 
398.009 398.036 398.009 398.009 398.009 397.743 398.009 397.743 398.009 398.009 
398.009 398.036 398.009 398.009 398.009 397.743 398.009 397.743 398.009 398.009 
398.009 398.036 398.009 398.009 398.009 397.743 398.009 397.743 398.009 398.009 
398.009 398.036 398.009 398.009 398.009 397.743 398.009 397.743 398.009 398.009 
398.009 398.036 398.009 398.009 398.009 397.743 398.009 397.743 398.009 398.009 
398.009 398.036 398.009 398.009 398.009 397.743 398.009 397.743 398.009 398.009 
398.009 398.036 398.009 398.009 398.009 397.743 398.009 397.743 398.009 398.009 
