1739.26 2328.83 2038.93 1957.27 2052.66 2065.68 2122.68 2152.74 1874.6 1562.88 
1056.64 1055.13 881.407 1021.79 1090.88 1052.41 1117.01 816.84 1080.63 1197.87 
556.692 754.84 311.374 589.817 357.348 556.332 714.54 561.035 888.469 688.315 
53.8551 39.5628 42.3421 46.2289 46.3078 36.5909 36.3258 36.6703 69.9737 34.9925 
44.7106 35.1458 38.5218 39.5058 40.6307 33.1673 34.8964 32.541 67.2034 28.8639 
41.0837 32.7031 36.3559 36.9341 38.3929 30.7706 32.659 30.7197 64.3989 26.0959 
41.0837 32.7031 36.3559 36.9341 38.3929 30.7706 32.659 30.7197 64.3989 26.0959 
41.0837 32.7031 36.3559 36.9341 38.3929 30.7706 32.659 30.7197 64.3989 26.0959 
41.0837 32.7031 36.3559 36.9341 38.3929 30.7706 32.659 30.7197 64.3989 26.0959 
41.0837 32.7031 36.3559 36.9341 38.3929 30.7706 32.659 30.7197 64.3989 26.0959 
41.0837 32.7031 36.3559 36.9341 38.3929 30.7706 32.659 30.7197 64.3989 26.0959 
41.0837 32.7031 36.3559 36.9341 38.3929 30.7706 32.659 30.7197 64.3989 26.0959 
41.0837 32.7031 36.3559 36.9341 38.3929 30.7706 32.659 30.7197 64.3989 26.0959 
41.0837 32.7031 36.3559 36.9341 38.3929 30.7706 32.659 30.7197 64.3989 26.0959 
