6.41049e+07 4.7419e+07 6.62955e+07 8.73308e+07 9.64122e+07 7.50531e+07 3.63351e+07 4.34822e+07 6.31768e+07 4.87899e+07 
4.29066e+07 3.50047e+07 2.13624e+07 3.99931e+07 4.08886e+07 3.80842e+07 3.63351e+07 3.79936e+07 3.97352e+07 2.96106e+07 
2.08662e+07 1.61002e+07 1.20403e+07 2.22147e+07 2.0995e+07 2.18063e+07 1.694e+07 1.63333e+07 1.77756e+07 2.00112e+07 
4.94217e+06 3.4497e+06 3.84197e+06 5.75697e+06 2.7975e+06 6.39672e+06 4.15374e+06 4.53389e+06 5.96011e+06 5.12863e+06 
139414 121189 170294 133859 92288.3 136718 124841 121483 109322 170907 
257.778 219.426 209.078 233.333 240.624 191.539 230.405 180.407 235.312 323.088 
52.6915 52.6583 43.1617 52.8099 56.0077 53.9027 49.9247 59.9709 39.7547 47.2303 
40.5552 45.8262 39.1073 47.8354 39.2195 41.5457 42.1631 40.6815 39.7547 41.1412 
40.5552 35.1162 36.3196 47.4499 38.089 38.5801 36.9613 35.6763 39.7547 41.1412 
40.3156 33.5705 35.6249 35.4475 38.089 34.2352 36.9613 35.6763 37.3748 35.8325 
39.3542 33.5705 30.4133 35.4475 35.793 34.2352 36.8282 35.6763 37.3748 35.8325 
35.7929 32.7975 18.8237 34.2831 35.1903 34.2352 36.8282 33.3192 34.1517 35.8325 
26.548 25.9577 18.5594 26.1283 35.1903 31.6054 31.5462 33.3192 33.0018 30.7308 
18.7522 20.739 17.7764 18.5537 32.008 21.7712 29.3606 28.1716 19.9025 18.9932 
