8491.2 8435.1 8784.33 9046.7 7935.98 8272.62 8578.14 8311.7 7602.41 7738.16 
8491.2 8435.1 8784.33 8971.76 7935.98 8272.62 8578.14 8311.7 7602.41 7738.16 
8491.2 8435.1 8784.33 8740.22 7935.98 8272.62 8578.14 8311.7 7602.41 7738.16 
8491.2 8435.1 8784.33 8740.22 7935.98 8272.62 8578.14 8311.7 7602.41 7738.16 
8491.2 8418.93 8447.07 8740.22 7935.98 8272.62 8247.78 8311.7 7602.41 7738.16 
8491.2 8418.93 8447.07 8356.46 7935.98 8272.62 8004.39 8311.7 7602.41 7738.16 
8403.72 8418.93 8447.07 8356.46 7935.98 8272.62 8004.39 8223.57 7602.41 7738.16 
8403.72 8418.93 8447.07 8356.46 7935.98 8234.57 8004.39 8223.57 7602.41 7738.16 
8403.72 8418.93 8447.07 8356.46 7935.98 8234.57 8004.39 8223.57 7602.41 7738.16 
8403.72 8418.93 8358.78 8356.46 7935.98 8234.57 8004.39 8223.57 7602.41 7738.16 
8403.72 8418.93 8358.78 8356.46 7935.98 8234.57 8004.39 8223.57 7602.41 7738.16 
8136.91 8418.93 8358.78 8356.46 7935.98 8234.57 8004.39 8223.57 7602.41 7738.16 
8136.91 8418.93 8358.78 8356.46 7935.98 8234.57 8004.39 8223.57 7602.41 7738.16 
8136.91 8418.93 8358.78 8356.46 7935.98 8234.57 8004.39 8223.57 7602.41 7738.16 
