142.358 120.266 82.0539 290.658 95.0893 90.4316 441.038 197.787 266.698 253.531 
1.684 1.54167 1.69069 2.47778 1.10912 1.74224 1.10929 2.92386 3.26311 4.07263 
0.650789 0.98374 0.603665 2.17525 0.540609 1.36881 0.50428 1.43611 2.28327 1.58817 
0.0586742 0.104336 0.494586 2.04511 0.499951 1.15054 0.491764 1.25527 2.03362 1.20629 
0.0570797 0.102294 0.493879 2.04318 0.499936 1.14752 0.491739 1.24791 2.02625 1.18184 
0.0570797 0.102294 0.493879 2.04318 0.499936 1.14752 0.491739 1.24791 2.02625 1.18184 
0.0570797 0.102294 0.493879 2.04318 0.499936 1.14752 0.491739 1.24791 2.02625 1.18184 
0.0570797 0.102294 0.493879 2.04318 0.499936 1.14752 0.491739 1.24791 2.02625 1.18184 
0.0570797 0.102294 0.493879 2.04318 0.499936 1.14752 0.491739 1.24791 2.02625 1.18184 
0.0570797 0.102294 0.493879 2.04318 0.499936 1.14752 0.491739 1.24791 2.02625 1.18184 
0.0570797 0.102294 0.493879 2.04318 0.499936 1.14752 0.491739 1.24791 2.02625 1.18184 
0.0570797 0.102294 0.493879 2.04318 0.499936 1.14752 0.491739 1.24791 2.02625 1.18184 
0.0570797 0.102294 0.493879 2.04318 0.499936 1.14752 0.491739 1.24791 2.02625 1.18184 
0.0570797 0.102294 0.493879 2.04318 0.499936 1.14752 0.491739 1.24791 2.02625 1.18184 
