125.068 155.393 166.257 212.963 118.896 166.872 207.664 152.944 193.565 228.04 
125.068 149.237 103.669 124.796 96.6688 73.1666 160.484 109.776 87.7661 100.392 
103.834 69.4172 71.5188 78.7187 64.7138 64.968 68.2301 40.2368 72.8793 92.7899 
36.2218 45.1962 32.4605 60.005 32.1867 43.2697 41.8161 31.0452 42.1022 58.2256 
23.9938 22.2504 23.4362 24.5133 20.4642 21.6254 20.7703 20.3149 21.989 22.806 
20.0888 20.0863 20.0931 20.1153 20.0367 20.0554 20.4023 20.0349 20.0473 20.1057 
20.0197 20.0144 20.0164 20.0254 20.0169 20.0205 20.324 20.0085 20.0251 20.012 
20.0034 20.0037 20.0051 20.007 20.0039 20.0025 20.3152 20.002 20.0032 20.0046 
20.0014 20.0014 20.001 20.0019 20.0011 20.0013 20.3132 20.0006 20.0011 20.0008 
20.0004 20.0003 20.0003 20.0006 20.0003 20.0004 20.3124 20 20.0002 20.0002 
20.0002 20.0001 20.0001 20.0002 20.0001 20.0002 20.3124 20 20 20.0001 
20.0001 20 20.0001 20.0001 20.0001 20 20.3123 20 20 20 
20 20 20 20.0001 20 20 20.3122 20 20 20 
20 20 20 20 20 20 20.3122 20 20 20 
