357.71 219.037 176.702 164.42 69.116 120.802 196.201 188.907 319.505 113.28 
351.681 215.954 173.157 161.857 66.1824 106.255 194.79 187.717 316.131 109.618 
351.68 215.948 173.155 161.856 66.1801 106.241 194.773 187.712 316.131 109.614 
351.68 215.948 173.155 161.856 66.1801 106.241 194.772 187.712 316.131 109.614 
351.68 215.948 173.155 161.856 66.1801 106.241 194.772 187.712 316.131 109.614 
351.68 215.948 173.155 161.856 66.1801 106.241 194.772 187.712 316.131 109.614 
351.68 215.948 173.155 161.856 66.1801 106.241 194.772 187.712 316.131 109.614 
351.68 215.948 173.155 161.856 66.1801 106.241 194.772 187.712 316.131 109.614 
351.68 215.948 173.155 161.856 66.1801 106.241 194.772 187.712 316.131 109.614 
351.68 215.948 173.155 161.856 66.1801 106.241 194.772 187.712 316.131 109.614 
351.68 215.948 173.155 161.856 66.1801 106.241 194.772 187.712 316.131 109.614 
351.68 215.948 173.155 161.856 66.1801 106.241 194.772 187.712 316.131 109.614 
351.68 215.948 173.155 161.856 66.1801 106.241 194.772 187.712 316.131 109.614 
351.68 215.948 173.155 161.856 66.1801 106.241 194.772 187.712 316.131 109.614 
