2022.19 1911.95 1925.74 2335.14 1974.48 2246.96 2076.51 2035.33 2161.95 2087.42 
1842.74 1774.79 1626.03 1647.18 1904.85 1789.63 1211.36 1868.3 1679.41 1851.79 
1573.33 1640.27 1459.01 1643.91 1491.91 1683.47 1211.36 1617.3 1581.31 1550.72 
1090.56 1190.94 940.79 1095.76 898.754 1033.82 937.941 1034 996.947 1242.37 
654.833 605.519 525.714 558.526 532.041 557.81 532.251 553.679 550.224 617.108 
339.852 336.77 365.795 332.665 373.119 336.795 354.89 358.683 354.583 328.795 
325.326 329.377 316.254 315.533 327.645 318.131 319.509 322.682 319.995 307.695 
288.562 322.082 261.137 315.533 293.492 306.47 295.221 307.053 304.784 288.089 
279.01 299.032 261.137 249.87 293.492 282.748 293.416 289.365 288.649 274.837 
279.01 284.354 261.137 249.87 272.598 280.18 289.836 274.837 271.358 274.837 
279.01 277.64 261.137 249.87 272.598 280.18 282.24 250.808 271.358 274.837 
271.658 276.609 249.384 249.87 270.217 273.85 269.602 250.808 271.358 274.837 
270.062 276.609 243.847 249.87 270.217 268.798 269.602 250.808 271.358 266.547 
267.849 276.609 243.847 249.87 268.394 268.798 269.602 250.808 271.358 266.547 
