162.246 241.385 276.954 164.416 174.76 68.5568 96.349 68.6041 102.261 159.62 
9.64917 10.5667 10.6865 7.55628 9.16271 10.2554 8.779 10.1859 8.67255 7.74315 
7.26514 6.49335 6.00668 6.00268 7.13312 7.25649 6.26219 5.39431 4.67019 5.28064 
2.93612 3.94312 4.57371 3.87647 4.55311 3.25518 2.72723 2.95992 3.71844 2.75698 
2.43362 2.57758 1.96304 2.52005 2.3388 2.1333 1.95827 2.19533 2.40158 2.31384 
1.7549 1.80353 1.68822 2.01369 1.95925 1.5809 1.89818 1.85972 2.10683 1.8534 
1.5041 1.44388 1.05343 1.15052 1.8609 1.5809 1.48122 1.21469 1.87759 1.55233 
1.17105 1.43176 1.00752 1.15052 1.61902 1.36275 1.11884 1.04496 1.51739 1.10348 
1.17105 1.14549 1.00752 1.15052 1.27859 1.11014 1.11884 1.04496 1.22768 1.10348 
1.17105 1.14549 1.00752 1.15052 1.08764 1.11014 1.11884 1.04496 1.22768 1.10348 
1.17105 1.14549 1.00752 1.15052 1.08764 1.11014 1.11884 1.04496 1.22768 1.10348 
1.17105 1.14549 1.00752 1.15052 1.08764 1.11014 1.11884 1.04496 1.22768 1.10348 
1.17105 1.14549 1.00752 1.15052 1.08764 1.11014 1.11884 1.04496 1.22768 1.10348 
1.17105 1.14549 1.00752 1.15052 1.08764 1.11014 1.11884 1.04496 1.22768 1.10348 
