4500.29 936.161 188.668 2537.71 572.042 117.629 792.702 3859.27 23.6543 2496.17 
67.3844 9.90625 0.0147666 2.51085 0.819271 0.0127352 1.36971 4.43656 0.00490285 18.8922 
0.00525008 0.00227941 1.42243e-06 0.000172762 0.000139495 8.52609e-07 0.00012552 0.000724099 4.89749e-07 0.00310416 
0 0 0 0 0 0 0 0 0 0 
0 0 0 0 0 0 0 0 0 0 
0 0 0 0 0 0 0 0 0 0 
0 0 0 0 0 0 0 0 0 0 
0 0 0 0 0 0 0 0 0 0 
0 0 0 0 0 0 0 0 0 0 
0 0 0 0 0 0 0 0 0 0 
0 0 0 0 0 0 0 0 0 0 
0 0 0 0 0 0 0 0 0 0 
0 0 0 0 0 0 0 0 0 0 
0 0 0 0 0 0 0 0 0 0 
