877.349 760.517 901.451 830.018 946.954 988.329 895 939.402 837.18 886.09 
242.829 237.443 244.98 238.167 260.862 239.677 230.029 234.275 220.51 268.331 
204.037 197.926 203.36 216.304 207.043 211.273 207.372 214.016 202.104 217.628 
50.8084 48.4768 108.874 71.888 57.5303 76.1056 45.0418 50.669 47.2109 42.9828 
50.0409 48.26 47.1556 43.1663 47.9763 44.2647 44.6589 49.7702 47.0368 42.6153 
50.0409 48.26 47.1556 43.1663 47.9763 44.2647 44.6589 49.7702 47.0368 42.6153 
50.0409 48.26 47.1556 43.1663 47.9763 44.2647 44.6589 49.7702 47.0368 42.6153 
50.0409 48.26 47.1556 43.1663 47.9763 44.2647 44.6589 49.7702 47.0368 42.6153 
50.0409 48.26 47.1556 43.1663 47.9763 44.2647 44.6589 49.7702 47.0368 42.6153 
50.0409 48.26 47.1556 43.1663 47.9763 44.2647 44.6589 49.7702 47.0368 42.6153 
50.0409 48.26 47.1556 43.1663 47.9763 44.2647 44.6589 49.7702 47.0368 42.6153 
50.0409 48.26 47.1556 43.1663 47.9763 44.2647 44.6589 49.7702 47.0368 42.6153 
50.0409 48.26 47.1556 43.1663 47.9763 44.2647 44.6589 49.7702 47.0368 42.6153 
50.0409 48.26 47.1556 43.1663 47.9763 44.2647 44.6589 49.7702 47.0368 42.6153 
