132515 251839 62921.2 118762 187029 113583 145681 173227 102723 171001 
94681.2 212155 40414.7 59529.3 138381 94059.8 121344 112088 67707.5 128858 
78309.8 178019 35281.5 48996.9 116753 74273.6 97294.4 59646.1 57772.6 114971 
62993.1 128375 30178.2 42424.1 63634.8 55343.9 74756.7 46435.1 50009.4 101064 
43368 109480 24419.2 32319.5 51703.2 43178.2 57131.4 34705.9 43879.8 58535.6 
38896.6 101671 22085.5 26589.1 42138.5 38860 56225.3 28346.7 37726.9 51447.3 
38838.2 96742.1 21594.7 25516.4 37201.3 35008 56197.7 26736.8 36422.2 48875.8 
38831.3 96454.6 21497.2 24935.8 34172.5 32494 56197.6 26259.6 36162 47803.9 
38830.4 96454.2 21497.1 24934.5 30071.4 30648.7 56197.6 25552.8 35936.5 47803.4 
38829.9 96454.2 21497.1 24862.6 26197.8 29704.5 56197.6 25066.8 35936.4 47803.4 
38828.9 96454.2 21497.1 24337.4 23715.1 29638.5 56197.6 24551.6 35932.4 47803.4 
38827.9 96454.2 21497.1 23261.1 23036.5 29638.4 56197.6 23929.7 35927 47803.4 
38827.6 96454.2 21497.1 22356.3 22779.6 29638.3 56197.6 23143.5 35926.6 47803.4 
38826.7 96454.2 21497.1 22198.5 22779.6 29638.3 56197.6 22556.6 35701.8 47803.4 
