115.811 119.473 116.977 94.6548 122.478 118.242 114.871 123.679 105.901 116.504 
115.811 97.1175 116.977 94.6548 109.314 113.975 110.327 92.9104 93.4762 116.504 
112.725 97.1175 104.759 94.6548 109.314 113.197 110.327 92.9104 93.4762 116.504 
94.6562 95.7088 104.759 94.6548 98.6318 101.685 90.2851 92.9104 93.4762 96.8171 
92.6094 91.159 89.0732 87.2383 93.1381 75.1901 83.9031 79.0938 79.171 85.3148 
51.7128 62.856 52.2228 49.1826 67.573 74.0214 58.2667 61.2818 56.724 68.374 
44.5142 50.3979 42.9724 44.4217 46.9102 57.6152 42.6739 48.2822 33.706 44.9542 
37.7507 33.7742 32.1633 33.5324 38.4933 36.3039 31.7346 32.3451 31.5009 35.5101 
27.579 27.6467 22.7255 23.4087 28.0194 31.2588 24.0807 20.0627 28.3777 27.5202 
20.5237 21.5004 13.9245 21.9166 20.1074 22.5794 19.3664 17.3844 20.3302 18.3207 
14.2373 15.5893 10.8065 12.7667 16.3148 16.7057 14.1467 12.5229 15.4085 11.4976 
10.3228 10.383 8.18629 9.95476 10.4227 12.3396 10.4733 8.04415 11.4542 9.60864 
7.58539 6.65584 6.84134 6.46543 7.11662 10.5479 7.30247 7.44511 7.5494 7.12381 
7.12212 6.11642 4.53599 5.03405 4.50414 7.74945 6.71455 5.32913 6.47057 4.56836 
