8.35271e+10 9.67058e+10 7.1088e+10 7.56271e+10 8.5324e+10 6.7239e+10 8.82666e+10 6.58086e+10 7.68233e+10 8.83832e+10 
6.60236e+10 6.50909e+10 7.1088e+10 5.97857e+10 7.48268e+10 6.49175e+10 7.88193e+10 6.58086e+10 6.94248e+10 6.76432e+10 
5.22854e+10 5.02969e+10 6.27026e+10 4.78827e+10 5.95207e+10 5.36315e+10 4.58122e+10 5.02981e+10 6.04273e+10 6.16006e+10 
3.19804e+10 3.63125e+10 4.05422e+10 3.96947e+10 4.18289e+10 2.78621e+10 3.48198e+10 3.92008e+10 3.93855e+10 3.54518e+10 
1.70706e+10 1.61962e+10 2.05712e+10 1.68518e+10 2.3551e+10 2.24165e+10 1.93608e+10 1.56059e+10 1.51977e+10 2.05091e+10 
4.76401e+09 4.3053e+09 6.38549e+09 4.76996e+09 6.12137e+09 6.04416e+09 4.95655e+09 4.78836e+09 4.67024e+09 4.76655e+09 
1.35353e+09 1.70645e+09 1.99613e+09 1.52615e+09 1.62591e+09 1.99565e+09 1.86804e+09 1.35986e+09 1.4041e+09 1.32712e+09 
4.25523e+08 4.64292e+08 5.51264e+08 4.06216e+08 5.16285e+08 4.11194e+08 5.35554e+08 3.97579e+08 4.6741e+08 3.49619e+08 
1.17723e+08 9.5316e+07 1.44922e+08 1.18032e+08 1.67228e+08 1.38158e+08 1.46346e+08 1.02235e+08 1.24786e+08 1.11317e+08 
3.55727e+07 3.50147e+07 4.79822e+07 3.91625e+07 5.99468e+07 4.20081e+07 4.4349e+07 2.90981e+07 4.45481e+07 3.37005e+07 
7.70779e+06 8.76071e+06 1.60642e+07 9.50956e+06 1.76109e+07 1.25553e+07 1.15997e+07 7.55688e+06 1.21935e+07 9.368e+06 
2.25118e+06 2.89098e+06 4.28406e+06 2.28971e+06 4.29411e+06 2.67474e+06 3.25079e+06 2.26613e+06 3.87308e+06 2.42584e+06 
504921 969172 958664 1.01958e+06 1.32874e+06 743400 848987 489680 1.07861e+06 753683 
193575 299878 336593 256284 432569 238397 274869 151317 294041 223256 
