9247.14 9249.24 9426.61 8166.28 7377.32 9520.85 8855.59 8753.56 9469.42 9406.39 
8575.84 8323.06 8337.71 8149.96 7377.32 8428.25 7933.43 7446.06 7028.37 7876.46 
8307.15 6857.27 7515.67 7589.55 6577.16 6619.23 6890.07 6774.47 7028.37 6824.17 
6517.89 6045.32 6659.38 6510.41 5730.93 5987.91 5900.91 6719.67 6574.87 6146.52 
5207.04 4090.04 4609.39 4832.37 4030.13 4560.22 4342.48 4551.43 4981.38 5029.27 
3840.58 3478.33 3695.38 3732.22 3745.45 3850.55 3447.3 3807.14 3746.66 3841.69 
3509.79 3478.33 3455.24 3456.44 3348.43 3563.67 3447.3 3548.31 3284.34 3461.43 
3411.15 3433.26 3425.92 3451.35 3348.43 3169.03 3447.3 3198.93 3171.75 3137.37 
3116.95 3134.17 3065.89 3283.51 3110.19 3169.03 3163.89 2840.33 3171.75 3137.37 
3116.95 3092.02 3048.21 3283.51 3110.19 3169.03 3163.89 2835.82 3171.75 3137.37 
3116.95 3066.05 3048.21 3010.39 3110.19 3044.7 3163.89 2835.82 2830.01 3137.37 
2982.31 3066.05 3022.86 3010.39 2852.85 3044.7 3140.66 2835.82 2830.01 3137.37 
2982.31 2976.53 2871.91 2633.21 2852.85 3044.7 3140.66 2835.82 2830.01 3137.37 
2982.31 2976.53 2871.91 2633.21 2744.33 3044.7 3097.02 2835.82 2830.01 3112.99 
