440.068 339.707 536.4 475.978 372.075 360.887 475.972 439.615 207.234 470.373 
440.068 339.707 536.4 475.978 372.075 360.887 475.972 439.615 207.234 470.373 
440.068 339.707 536.4 475.978 372.075 360.887 475.972 439.615 207.234 470.373 
440.068 339.707 536.4 475.978 372.075 360.887 475.972 439.615 207.234 470.373 
440.068 339.707 536.4 475.978 372.075 360.887 475.972 439.615 207.234 470.373 
440.068 339.707 536.4 475.978 372.075 360.887 475.972 439.615 207.234 470.373 
440.068 339.707 536.4 475.978 372.075 360.887 475.972 439.615 207.234 470.373 
440.068 339.707 536.4 475.978 372.075 360.887 475.972 439.615 207.234 470.373 
440.068 339.707 536.4 475.978 372.075 360.887 475.972 439.615 207.234 470.373 
440.068 339.707 536.4 475.978 372.075 360.887 475.972 439.615 207.234 470.373 
440.068 339.707 536.4 475.978 372.075 360.887 475.972 439.615 207.234 470.373 
440.068 339.707 536.4 475.978 372.075 360.887 475.972 439.615 207.234 470.373 
440.068 339.707 536.4 475.978 372.075 360.887 475.972 439.615 207.234 470.373 
440.068 339.707 536.4 475.978 372.075 360.887 475.972 439.615 207.234 470.373 
