9.56179e+08 9.11287e+08 1.01203e+09 8.90445e+08 1.61386e+09 5.36301e+08 1.25069e+09 1.1251e+09 2.10275e+09 1.28543e+09 
1.65845e+08 1.06108e+08 1.57312e+08 1.91107e+08 1.95164e+08 8.44966e+07 1.08377e+08 1.51074e+08 2.29393e+08 1.78435e+08 
9.99743e+06 1.09209e+07 1.43852e+07 2.76515e+07 4.20578e+07 1.5775e+07 1.83711e+07 1.18533e+07 4.65981e+07 2.16923e+07 
488557 382999 253522 225011 388502 298062 667724 390940 861554 259578 
36.2483 9.55864 8.68685 17.5135 39.3125 10.7868 27.9327 14.7333 33.0976 18.5575 
4.72731e-08 6.03321e-08 1.43811e-08 6.23036e-08 2.34445e-07 5.23589e-08 1.27697e-07 6.2575e-08 1.87662e-07 3.39275e-08 
0 0 0 0 0 0 0 0 0 0 
0 0 0 0 0 0 0 0 0 0 
0 0 0 0 0 0 0 0 0 0 
0 0 0 0 0 0 0 0 0 0 
0 0 0 0 0 0 0 0 0 0 
0 0 0 0 0 0 0 0 0 0 
0 0 0 0 0 0 0 0 0 0 
0 0 0 0 0 0 0 0 0 0 
