1.39622e+07 2.65017e+07 1.40446e+07 8.87408e+06 1.81694e+07 9.78859e+06 1.19771e+07 1.12375e+07 1.64077e+07 1.48583e+07 
2.6752e+06 5.85214e+06 3.96819e+06 2.53022e+06 5.60862e+06 1.65148e+06 3.29461e+06 4.27245e+06 6.28417e+06 2.69961e+06 
1.42589e+06 1.82862e+06 1.08958e+06 699265 1.25926e+06 553731 1.52484e+06 1.08191e+06 887228 1.06027e+06 
120165 136222 75873.2 46374 150415 95970.4 214131 137068 115141 93679.3 
1227.4 455.238 904.733 772.735 1240.68 832.663 1353.18 785.269 1185.75 872.393 
353.88 361.223 331.359 219.982 214.741 337.559 232.421 241.952 406.467 418.571 
304.715 215.097 12.5315 167.687 214.741 267.584 232.421 140.467 212.948 134.557 
132.908 126.935 0.208181 9.58264 17.8377 158.403 107.635 129.297 112.74 134.557 
0.214297 21.6778 0.208143 0.624484 0.649092 16.2421 1.91761 22.9901 16.8918 11.451 
0.208143 0.62473 0.208143 0.624429 0.416287 0.416541 0.624452 0.754126 0.421108 0.238278 
0.208143 0.624429 0.208143 0.624429 0.416286 0.416286 0.624429 0.208145 0.416286 0.208143 
0.208143 0.624429 0.208143 0.624429 0.416286 0.416286 0.624429 0.208143 0.416286 0.208143 
0.208143 0.624429 0.208143 0.624429 0.416286 0.416286 0.624429 0.208143 0.416286 0.208143 
0.208143 0.624429 0.208143 0.624429 0.416286 0.416286 0.624429 0.208143 0.416286 0.208143 
