21513.2 13289.5 10486.2 14220.8 14200.9 16663.2 9737.12 18507.2 17442.6 16356.3 
105.577 88.369 95.8122 95.0002 105.542 114.796 96.2318 120.371 118.873 106.625 
40.467 39.5816 46.2318 49.1845 55.4131 59.8686 45.2355 62.1609 57.5483 59.926 
12.9556 11.4713 14.1547 12.7049 17.9297 16.4237 14.7264 14.0391 16.176 13.5242 
8.61283 7.50262 10.4526 8.85849 13.3546 12.3148 10.8248 9.59996 12.1312 9.90273 
4.16749 2.71026 5.83511 3.84299 8.66899 7.4769 5.97914 4.51992 7.59543 4.82379 
3.26006 1.30944 4.30132 2.3402 7.29131 6.28904 4.3505 3.28165 6.28756 3.36931 
3.08966 1.11635 4.10084 2.11685 7.08393 6.08869 4.11472 3.09632 6.08948 3.11472 
3.03447 1.0524 4.03726 2.04758 7.0189 6.02555 4.0451 3.03809 6.02668 3.03999 
3.01183 1.02334 4.01061 2.02123 6.99418 5.99941 4.01316 3.01244 6.00005 3.01336 
2.99956 1.01052 3.99738 2.00698 6.98073 5.98665 3.99824 3.0001 5.98613 3.0001 
2.99377 1.00365 3.98967 1.99936 6.97403 5.97931 3.99047 2.99406 5.97908 2.99309 
2.98996 1.00011 3.98554 1.99551 6.97056 5.97571 3.98599 2.99031 5.97534 2.98972 
2.98786 0.99795 3.98314 1.99331 6.96824 5.97319 3.98337 2.98806 5.97321 2.98776 
