26063.7 31658.1 29883.6 19453.6 29221 
26063.7 31658.1 29883.6 19453.6 29221 
26063.7 31658.1 23764.6 19453.6 29221 
26063.7 31658.1 23764.6 19453.6 29221 
26063.7 31658.1 23764.6 19453.6 29221 
26063.7 31658.1 23764.6 19453.6 27477.8 
26063.7 31658.1 23764.6 19453.6 27477.8 
26063.7 31658.1 23764.6 19453.6 27477.8 
26063.7 31658.1 23764.6 19453.6 27477.8 
26063.7 31658.1 23764.6 19453.6 27477.8 
26063.7 30457.2 23764.6 19453.6 27477.8 
26063.7 26884.7 23764.6 19453.6 27477.8 
26063.7 26884.7 23764.6 19453.6 27477.8 
25553.8 26884.7 23764.6 19453.6 24510.1 
