869415 826878 501831 620406 571605 388072 741120 797160 802036 772863 
325.097 348.04 298.775 304.108 343.812 300.316 368.725 414.42 277.95 345.837 
75.0646 71.676 70.0102 71.0433 69.7664 64.7332 74.7934 77.6789 74.4389 79.5323 
22.2632 24.7761 27.5308 23.4037 24.5948 24.8616 26.1279 27.6108 25.8714 23.6914 
21.9971 24.5047 26.0264 23.2923 24.4611 24.5718 25.8061 27.2497 25.7523 23.4674 
21.9241 24.4845 25.9374 23.2923 24.3869 24.4349 25.7373 27.2437 25.7056 23.3864 
21.7931 24.3212 25.7923 23.205 24.1241 24.2935 25.5755 27.1195 25.5975 23.2232 
21.7931 24.3159 25.7923 23.2017 24.1241 24.2933 25.5746 27.1195 25.5975 23.2232 
21.7931 24.3159 25.7923 23.2017 24.1241 24.2933 25.5746 27.1195 25.5975 23.2232 
21.7931 24.3159 25.7923 23.2017 24.1241 24.2933 25.5746 27.1195 25.5975 23.2232 
21.7931 24.3159 25.7923 23.2017 24.1241 24.2933 25.5746 27.1195 25.5975 23.2232 
21.7931 24.3159 25.7923 23.2017 24.1241 24.2933 25.5746 27.1195 25.5975 23.2232 
21.7931 24.3159 25.7923 23.2017 24.1241 24.2933 25.5746 27.1195 25.5975 23.2232 
21.7931 24.3159 25.7923 23.2017 24.1241 24.2933 25.5746 27.1195 25.5975 23.2232 
