3086.29 4205.29 6658.44 12366.2 3803.49 3022.53 3493.65 8023.84 11851 13467.5 
551.384 481.166 638.364 692.069 357.726 480.263 616.527 691.381 385.337 519.06 
215.186 217.185 212.603 216.936 214.392 212.839 217.662 218.394 221.409 209.685 
203.987 204.286 204.614 204.458 205.261 204.825 204.441 202.442 205.225 205.156 
201.6 201.781 201.538 201.694 201.897 201.857 201.814 201.625 201.711 201.806 
201.19 201.111 201.083 201.137 201.293 201.194 201.254 201.186 201.096 201.293 
201.006 201.004 200.539 201.093 201.139 201.183 201.073 201.001 201.042 201.169 
201 200 200.037 201.093 201.139 200.182 201.071 201 201.001 201.16 
201 200 200.037 201.093 201.139 200.182 201.071 201 201 201.16 
201 200 200.037 201.093 201.139 200.182 201.071 201 201 201.16 
201 200 200.037 201.093 201.139 200.182 201.071 201 201 201.16 
201 200 200.037 201.093 201.139 200.182 201.071 201 201 201.16 
201 200 200.037 201.093 201.139 200.182 201.071 201 201 201.16 
201 200 200.037 201.093 201.139 200.182 201.071 201 201 201.16 
