585.329 580.375 682.256 255.028 626.283 828.18 799.363 522.491 486.277 741.416 
583.464 577.855 681.106 253.984 625.568 828.04 798.837 521.546 485.633 740.584 
583.107 577.427 680.647 253.978 625.532 827.158 798.837 520.33 484.719 739.515 
582.907 576.963 679.969 253.977 625.517 826.976 798.837 519.783 482.006 736.395 
581.607 576.157 678.843 252.996 625.395 826.687 798.329 518.763 480.754 735.747 
581.591 574.958 678.026 251.988 620.046 826.135 796.685 517.857 479.95 734.844 
581.591 574.937 678.025 251.988 618.539 825.848 796.516 517.857 479.878 734.205 
581.591 574.937 678.025 251.988 618.307 825.534 796.465 517.857 479.878 733.486 
581.591 574.937 678.025 251.988 618.199 824.643 796.444 517.857 479.878 733.48 
581.591 574.937 678.025 251.988 618.127 824.623 796.432 517.857 479.878 733.48 
581.591 574.937 678.025 251.988 618.087 824.623 796.424 517.857 479.878 733.48 
581.591 574.937 678.025 251.988 618.062 824.623 796.419 517.857 479.878 733.48 
581.591 574.937 678.025 251.988 618.04 824.623 796.414 517.857 479.878 733.48 
581.591 574.937 678.025 251.988 618.022 824.623 796.411 517.857 479.878 733.48 
