1.90936e+07 1.86482e+07 1.57426e+07 1.01743e+07 1.4512e+07 1.49322e+07 2.46125e+07 1.02137e+07 2.58354e+07 2.26104e+07 
826.655 1939.39 1165.82 1674.55 1401.05 2235.18 1369.42 2262.96 1952.03 2718.51 
34.6055 27.3897 38.6344 31.7168 32.7565 33.4371 35.833 29.9292 29.2545 29.7621 
11.164 10.9148 15.996 13.4695 10.0514 11.6773 13.6709 13.0776 13.4111 10.2737 
9.87148 8.43605 9.40519 10.0019 8.00626 10.0176 10.8245 10.1328 10.2057 7.8082 
7.51365 7.01776 8.02874 8.48704 7.64268 9.32126 10.3524 9.17121 8.5602 7.78545 
7.38616 6.68913 7.49092 8.42491 7.42304 8.6519 9.92042 8.13774 7.84254 6.73912 
7.38616 6.57873 7.48417 8.42491 7.42304 8.6519 9.92042 8.07465 7.84254 6.73912 
7.38616 6.57873 7.48417 8.42491 7.42304 8.6519 9.92042 8.07465 7.84254 6.73912 
7.38616 6.57873 7.48417 8.42491 7.42304 8.6519 9.92042 8.07465 7.84254 6.73912 
7.38616 6.57873 7.48417 8.42491 7.42304 8.6519 9.92042 8.07465 7.84254 6.73912 
7.38616 6.57873 7.48417 8.42491 7.42304 8.6519 9.92042 8.07465 7.84254 6.73912 
7.38616 6.57873 7.48417 8.42491 7.42304 8.6519 9.92042 8.07465 7.84254 6.73912 
7.38616 6.57873 7.48417 8.42491 7.42304 8.6519 9.92042 8.07465 7.84254 6.73912 
