580.868 559.037 552.524 554.383 532.332 550.614 545.358 583.451 573.66 553.531 
412.278 414.654 416.645 407.453 412.536 397.022 384.079 400.677 401.975 422.656 
355.263 379.597 361.862 368.211 368.785 380.719 361.595 353.547 347.439 357.898 
220.504 223.372 220.937 219.447 217.987 225.3 217.019 219.883 220.406 220.475 
219.899 222.884 218.904 218.922 217.927 223.157 216.439 216.924 220.248 219.899 
219.899 222.884 218.904 218.922 217.927 223.157 216.439 216.924 220.248 219.899 
219.899 222.884 218.904 218.922 217.927 223.157 216.439 216.924 220.248 219.899 
219.899 222.884 218.904 218.922 217.927 223.157 216.439 216.924 220.248 219.899 
219.899 222.884 218.904 218.922 217.927 223.157 216.439 216.924 220.248 219.899 
219.899 222.884 218.904 218.922 217.927 223.157 216.439 216.924 220.248 219.899 
219.899 222.884 218.904 218.922 217.927 223.157 216.439 216.924 220.248 219.899 
219.899 222.884 218.904 218.922 217.927 223.157 216.439 216.924 220.248 219.899 
219.899 222.884 218.904 218.922 217.927 223.157 216.439 216.924 220.248 219.899 
219.899 222.884 218.904 218.922 217.927 223.157 216.439 216.924 220.248 219.899 
