9.8754e+08 1.01949e+09 8.21843e+08 7.27586e+08 9.40606e+08 9.49469e+08 9.51231e+08 9.69774e+08 7.76905e+08 6.46233e+08 
1.6088e+07 1.69904e+07 2.144e+07 1.87249e+07 1.24003e+07 1.19179e+07 1.7767e+07 1.29895e+07 1.27622e+07 1.34535e+07 
4712.14 31700.8 44407.3 11222.8 6251.49 8650.88 40393.6 12030.1 20884.2 84744.2 
669.537 11143.5 2235.54 817.75 862.279 5430.55 2245.81 1193.65 11990.3 46436.2 
629.461 10713.7 2093.54 616.847 845.571 4152.52 2216.16 1022.82 11940.6 46396.3 
626.18 10633 2092.74 615.619 840.996 4140.71 2214.88 1022.17 11601.9 46374.1 
622.213 10624.6 2092.01 615.005 838.234 4136.9 2213.59 1021.59 11585.3 46351.2 
619.762 10588.8 2091.18 614.506 834.839 4132.98 2212.35 1020.96 11575.7 46327.2 
617.578 10559.9 2090.38 614.027 834.35 4129.83 2211.25 1020.37 11565.9 46302 
614.951 10546 2089.75 613.515 834.296 4126.39 2210.25 1019.75 11556.5 46278.6 
611.372 10490 2088.91 613.042 834.234 4123.24 2209.33 1019.13 11547.5 46246.1 
608.481 10461.3 2088.23 612.548 834.197 4119.99 2208.44 1018.51 11537.9 46141.3 
604.817 10425.2 2087.43 612.068 834.154 4116.61 2207.39 1017.92 11529.4 46104.6 
600.979 10410.4 2086.6 611.586 834.115 4113.34 2206.5 1017.26 11520.1 46068.3 
