384.929 396.669 355.762 394.905 383.593 393.919 379.79 392.02 385.648 378.993 
364.832 366.605 355.762 362.541 354.591 357.229 366.255 363.214 363.221 368.033 
359.939 362.464 355.762 362.541 354.591 357.229 358.174 363.214 363.221 359.212 
356.544 358.076 345.325 362.541 354.591 334.373 349.711 360.967 359.37 351.835 
340.75 340.787 345.325 352.167 349.759 334.373 345.841 350.421 347.683 349.497 
336.038 340.787 340.058 338.798 334.906 334.373 344.715 334.551 339.933 341.283 
323.199 339.841 330.92 315.432 306.889 334.373 325.151 323.976 321.92 337.006 
323.199 333.878 316.569 315.432 306.889 318.389 314.453 323.976 321.92 337.006 
323.199 333.878 316.569 315.432 306.889 318.389 314.453 323.976 321.92 330.853 
323.199 333.878 316.569 315.432 306.889 318.389 314.453 323.976 321.92 330.853 
323.199 316.813 316.569 315.432 306.889 318.389 314.453 323.976 321.92 330.853 
323.199 316.813 316.569 315.432 306.889 318.389 314.453 323.976 321.92 323.274 
323.199 316.813 316.569 315.432 306.889 318.389 314.453 323.976 321.92 307.891 
323.199 316.813 316.569 315.432 306.889 318.389 314.453 323.976 321.92 307.891 
