931611 443421 145990 519966 411321 218196 376114 364286 224330 576198 
931611 443421 145990 519966 411321 218196 376114 364286 224330 576198 
931611 443421 145990 519966 411321 218196 376114 364286 224330 576198 
931611 443421 145990 519966 411321 218196 376114 364286 224330 576198 
931611 443421 145990 519966 411321 218196 376114 364286 224330 576198 
931611 443421 118031 519966 411321 218196 376114 364286 224330 576198 
674634 443421 118031 519966 411321 218196 376114 364286 224330 576198 
674634 443421 118031 519966 411321 218196 376114 364286 224330 576198 
674634 304390 118031 519966 411321 218196 376114 364286 224330 576198 
647378 304390 118031 396663 411321 218196 376114 279300 224330 484802 
520596 304390 118031 396663 370289 218196 282895 279300 224330 319371 
365930 266711 118031 396663 330691 218196 282895 263349 202338 319371 
365930 266711 118031 288727 308329 218196 278209 190020 202338 308259 
365930 177743 118031 279532 223533 218196 179172 120932 162583 296124 
