2337.69 2301.23 2442.1 2506.83 2398.52 2402.12 2653.74 2385.09 2177.78 2302.77 
2337.69 2301.23 2442.1 2506.83 2398.52 2402.12 2653.74 2385.09 2177.78 2302.77 
2337.69 2301.23 2442.1 2506.83 2398.52 2402.12 2653.74 2385.09 2177.78 2302.77 
2337.69 2301.23 2442.1 2506.83 2398.52 2402.12 2653.74 2385.09 2177.78 2302.77 
2337.69 2301.23 2442.1 2506.83 2398.52 2402.12 2653.74 2385.09 2177.78 2302.77 
2337.69 2301.23 2442.1 2506.83 2398.52 2402.12 2653.74 2385.09 2177.78 2302.77 
2337.69 2301.23 2442.1 2506.83 2398.52 2402.12 2653.74 2385.09 2177.78 2302.77 
2337.69 2301.23 2442.1 2506.83 2398.52 2402.12 2653.74 2385.09 2177.78 2302.77 
2337.69 2301.23 2442.1 2506.83 2398.52 2402.12 2653.74 2385.09 2177.78 2302.77 
2337.69 2301.23 2442.1 2506.83 2398.52 2402.12 2653.74 2385.09 2177.78 2302.77 
2337.69 2301.23 2442.1 2506.83 2398.52 2402.12 2653.74 2385.09 2177.78 2302.77 
2337.69 2301.23 2442.1 2506.83 2398.52 2402.12 2653.74 2385.09 2177.78 2302.77 
2337.69 2301.23 2442.1 2506.83 2398.52 2402.12 2653.74 2385.09 2177.78 2302.77 
2337.69 2301.23 2442.1 2506.83 2398.52 2402.12 2653.74 2385.09 2177.78 2302.77 
