100052 360744 419642 20812.4 622761 116206 360668 167614 542384 84125.4 
100052 360744 419642 20812.4 622761 116206 360668 167614 542384 84125.4 
100052 360744 419642 20812.4 622761 116206 360668 167614 542384 84125.4 
100052 360744 419642 20812.4 622761 116206 360668 167614 542384 84125.4 
100052 360744 419642 20812.4 622761 116206 360668 167614 542384 84125.4 
100052 360744 419642 20812.4 622761 116206 360668 167614 542384 84125.4 
100052 360744 419642 20812.4 622761 116206 360668 167614 542384 84125.4 
100052 360744 419642 20812.4 622761 116206 360668 167614 542384 84125.4 
100052 360744 419642 20812.4 622761 116206 360668 167614 542384 84125.4 
100052 360744 419642 20812.4 622761 116206 360668 167614 542384 84125.4 
100052 360744 419642 20812.4 622761 116206 360668 167614 542384 84125.4 
100052 360744 419642 20812.4 622761 116206 360668 167614 542384 84125.4 
100052 360744 419642 20812.4 622761 116206 360668 167614 542384 84125.4 
100052 360744 419642 20812.4 622761 116206 360668 167614 542384 84125.4 
