1523.2 1121.44 1565.31 1693.53 2113.01 1904.8 808.016 1560.35 1101.12 1662.6 
1523.2 1121.44 1565.31 393.547 1678.78 1904.8 808.016 1560.35 1101.12 1662.6 
874.684 1121.44 1514.29 393.547 1282.44 1904.8 790.808 274.974 1083.02 1662.6 
104.427 109.951 103.499 103.73 105.225 1121.68 104.857 104.751 103.66 102.941 
100 100 100 100 100.346 100 100.346 100.508 100 100 
100 100 100 100 100.346 100 100.346 100.508 100 100 
100 100 100 100 100.346 100 100.346 100.508 100 100 
100 100 100 100 100.346 100 100.346 100.508 100 100 
100 100 100 100 100.346 100 100.346 100.508 100 100 
100 100 100 100 100.346 100 100.346 100.508 100 100 
100 100 100 100 100.346 100 100.346 100.508 100 100 
100 100 100 100 100.346 100 100.346 100.508 100 100 
100 100 100 100 100.346 100 100.346 100.508 100 100 
100 100 100 100 100.346 100 100.346 100.508 100 100 
