211.83 286.243 212.23 170.712 220.61 291.997 221.309 126.292 253.257 212.364 
197.643 141.354 110.963 161.015 130.314 101.237 154.693 126.059 123.65 149.063 
96.4387 87.6304 102.699 67.9802 88.2308 51.7995 99.164 116.359 102.814 89.6377 
45.5542 38.6726 29.4338 39.2468 37.9532 43.3925 41.4146 34.0768 40.6886 31.9732 
26.2199 25.1038 24.8673 25.2985 21.5533 25.5179 21.5396 23.9184 26.3471 27.2838 
20.4807 20.479 22.1072 21.7326 20.2585 21.3798 20.4614 20.8912 21.8823 21.3843 
20.3156 20.4082 21.8509 21.3524 20.0772 21.1493 20.4159 20.7249 21.6518 21.1585 
20.1702 20.3256 21.7623 21.2259 20.0772 21.131 20.3255 20.6694 21.4866 21.1537 
20.1702 20.3256 21.7623 21.2259 20.0772 21.131 20.3255 20.6694 21.4866 21.0456 
20.1702 20.3256 21.7623 21.2259 20.0772 21.131 20.3255 20.6694 21.4866 21.0456 
20.1702 20.3256 21.7623 21.2259 20.0772 21.131 20.3255 20.6694 21.4866 21.0456 
20.1702 20.3256 21.7623 21.2259 20.0772 21.131 20.3255 20.6694 21.4866 21.0456 
20.1702 20.3256 21.7623 21.2259 20.0772 21.131 20.3255 20.6694 21.4866 21.0456 
20.1702 20.3256 21.7623 21.2259 20.0772 21.131 20.3255 20.6694 21.4866 21.0456 
