112.359 142.346 151.893 94.4973 108.678 85.7013 135.793 167.884 74.8099 210.96 
17.4203 15.3378 16.7638 19.5147 17.9703 19.2846 26.755 38.7716 17.596 20.2761 
9.89477 8.85687 9.31558 10.2817 10.0579 10.8924 9.37679 11.4905 9.48912 10.0482 
3.21473 3.71666 4.34042 3.89575 3.88777 4.58446 2.69883 4.0355 3.58397 4.0607 
0.0109504 0.00561893 0.00716938 0.0125764 0.0112292 0.012275 0.00320381 0.0116883 0.00890489 0.0105671 
7.81343e-08 6.2915e-08 1.06409e-07 1.05629e-07 2.58389e-07 7.00794e-08 2.46578e-08 2.65458e-07 7.33236e-08 1.86746e-07 
0 0 0 0 0 0 0 0 0 0 
0 0 0 0 0 0 0 0 0 0 
0 0 0 0 0 0 0 0 0 0 
0 0 0 0 0 0 0 0 0 0 
0 0 0 0 0 0 0 0 0 0 
0 0 0 0 0 0 0 0 0 0 
0 0 0 0 0 0 0 0 0 0 
0 0 0 0 0 0 0 0 0 0 
