82.0648 62.5515 56.1283 72.6341 69.517 74.3074 53.5163 75.0137 60.108 71.0035 
63.9756 62.3744 52.4993 50.865 55.1092 61.5396 43.573 63.6161 52.059 62.409 
55.1332 45.7873 52.4993 50.3154 54.2866 55.0807 43.573 42.8684 52.0252 53.2634 
50.9093 41.3275 46.2365 35.8128 42.6833 51.7948 43.573 41.705 47.9305 42.8662 
36.1254 39.4806 34.0451 35.173 32.2019 37.168 38.733 40.1241 33.475 42.8662 
24.5014 39.4806 34.0451 24.5357 32.2019 27.2298 30.8088 32.7472 24.8624 26.7272 
20.9444 33.5354 30.1425 7.58841 27.5694 27.2298 21.1058 28.9216 24.8624 4.51424 
1.98992 28.5677 23.0669 6.60792 23.6059 27.2298 11.4962 6.98 19.6618 3.97984 
1.98992 28.5677 21.7492 6.60792 12.7555 27.2298 11.4962 6.96471 7.27757 3.97984 
1.98992 27.6587 4.04096 6.60792 12.7555 27.2298 11.4962 6.96471 7.26914 3.97984 
1.98992 5.97062 3.97984 6.60792 12.7555 5.97647 11.4962 6.96471 7.26914 3.97984 
1.98992 5.96975 3.97984 6.60792 12.7555 5.96975 11.4962 6.96471 7.26914 3.97984 
1.98992 5.96975 3.97984 6.60792 12.7555 5.96975 11.4962 6.96471 7.26914 3.97984 
1.98992 5.96975 3.97984 6.60792 12.7555 5.96975 11.4962 6.96471 7.26914 3.97984 
