576.905 585.663 591.675 619.951 604.349 629.302 610.411 561.233 589.136 605.178 
576.905 585.663 591.675 619.951 604.349 629.302 610.411 561.233 589.136 605.178 
576.905 585.663 591.675 619.951 604.349 629.302 610.411 561.233 589.136 605.178 
576.905 585.663 591.675 619.951 604.349 629.302 610.411 561.233 589.136 605.178 
576.905 585.663 591.675 619.951 604.349 629.302 610.411 561.233 589.136 605.178 
576.905 585.663 591.675 619.951 604.349 629.302 610.411 561.233 589.136 605.178 
576.905 585.663 591.675 619.951 604.349 629.302 610.411 561.233 589.136 605.178 
576.905 585.663 591.675 619.951 604.349 629.302 610.411 561.233 589.136 605.178 
576.905 585.663 591.675 619.951 604.349 629.302 610.411 561.233 589.136 605.178 
576.905 585.663 591.675 619.951 604.349 629.302 610.411 561.233 589.136 605.178 
576.905 585.663 591.675 619.951 604.349 629.302 610.411 561.233 589.136 605.178 
576.905 585.663 591.675 619.951 604.349 629.302 610.411 561.233 589.136 605.178 
576.905 585.663 591.675 619.951 604.349 629.302 610.411 561.233 589.136 605.178 
576.905 585.663 591.675 619.951 604.349 629.302 610.411 561.233 589.136 605.178 
