5.37618 4.18596 8.25543 6.09957 5.41661 5.76856 6.04326 12.098 9.33797 7.89413 
4.9749 3.97989 7.95975 5.96979 4.97494 4.97495 3.98084 11.9395 8.95468 4.97558 
4.9748 3.97984 7.95967 5.96975 4.9748 4.9748 3.97984 11.9395 8.95463 4.9748 
4.9748 3.97984 7.95967 5.96975 4.9748 4.9748 3.97984 11.9395 8.95463 4.9748 
4.9748 3.97984 7.95967 5.96975 4.9748 4.9748 3.97984 11.9395 8.95463 4.9748 
4.9748 3.97984 7.95967 5.96975 4.9748 4.9748 3.97984 11.9395 8.95463 4.9748 
4.9748 3.97984 7.95967 5.96975 4.9748 4.9748 3.97984 11.9395 8.95463 4.9748 
4.9748 3.97984 7.95967 5.96975 4.9748 4.9748 3.97984 11.9395 8.95463 4.9748 
4.9748 3.97984 7.95967 5.96975 4.9748 4.9748 3.97984 11.9395 8.95463 4.9748 
4.9748 3.97984 7.95967 5.96975 4.9748 4.9748 3.97984 11.9395 8.95463 4.9748 
4.9748 3.97984 7.95967 5.96975 4.9748 4.9748 3.97984 11.9395 8.95463 4.9748 
4.9748 3.97984 7.95967 5.96975 4.9748 4.9748 3.97984 11.9395 8.95463 4.9748 
4.9748 3.97984 7.95967 5.96975 4.9748 4.9748 3.97984 11.9395 8.95463 4.9748 
4.9748 3.97984 7.95967 5.96975 4.9748 4.9748 3.97984 11.9395 8.95463 4.9748 
