565.435 749.133 645.073 612.259 563.975 465.626 709.748 546.247 389.577 514.158 
565.435 749.133 645.073 612.259 563.975 465.626 709.748 546.247 389.577 514.158 
565.435 749.133 645.073 612.259 554.294 465.626 709.748 546.247 389.577 514.158 
565.435 749.133 645.073 612.259 553.227 465.626 709.748 546.247 389.577 514.158 
565.435 749.133 645.073 612.259 553.211 465.626 709.748 546.247 389.577 514.158 
565.435 749.133 645.073 612.259 553.211 465.626 709.748 546.247 389.577 514.158 
565.435 749.133 645.073 612.259 553.211 465.626 709.748 546.247 389.577 514.158 
565.435 749.133 645.073 612.259 553.211 465.626 709.748 546.247 389.577 514.158 
565.435 749.133 645.073 612.259 553.211 465.626 709.748 546.247 389.577 514.158 
565.435 749.133 645.073 612.259 553.211 465.626 709.748 546.247 389.577 514.158 
565.435 749.133 645.073 612.259 553.211 465.626 709.748 546.247 389.577 514.158 
565.435 749.133 645.073 612.259 553.211 465.626 709.748 546.247 389.577 514.158 
565.435 749.133 645.073 612.259 553.211 465.626 709.748 546.247 389.577 514.158 
565.435 749.133 645.073 612.259 553.211 465.626 709.748 546.247 389.577 514.158 
