1342.64 615.606 847.623 565.418 1064.65 672.182 673.193 647.646 1330.11 744.84 
355.087 218.459 245.449 170.104 246.582 338.707 227.145 76.8163 247.477 136.892 
121.676 78.3673 37.503 21.2309 88.3807 92.2945 17.5825 42.1161 76.0093 83.1864 
7.00322 3.88003 3.8026 1.68003 11.1639 5.48346 2.29314 4.83021 2.35101 3.31062 
0.000947046 0.00213625 0.000455808 4.83178e-05 0.00100151 0.000764497 6.77717e-05 0.00043354 0.000242894 0.000205913 
0 0 0 0 0 0 0 0 0 0 
0 0 0 0 0 0 0 0 0 0 
0 0 0 0 0 0 0 0 0 0 
0 0 0 0 0 0 0 0 0 0 
0 0 0 0 0 0 0 0 0 0 
0 0 0 0 0 0 0 0 0 0 
0 0 0 0 0 0 0 0 0 0 
0 0 0 0 0 0 0 0 0 0 
0 0 0 0 0 0 0 0 0 0 
