473.519 375.493 213.449 312.148 143.68 349.721 287.503 617.349 260.822 635.577 
42.8702 34.5449 37.3153 33.4713 36.6204 37.8695 36.7219 32.8952 29.6801 37.2767 
27.2342 30.0022 26.8733 27.7683 33.2564 28.8819 29.2817 30.5903 28.3846 33.2808 
25.7138 24.9156 25.1075 23.613 26.2195 23.9566 25.6692 24.1884 26.4488 25.309 
21.0492 20.0459 20.0304 20.0358 20.0268 20.0287 20.173 20.0227 20.0549 20.0278 
21.0004 20.0035 20.0036 20.0017 20.0037 20.0023 20.0512 20.0011 20.0048 20.0031 
20.9957 20.001 20.0013 20.0005 20.0015 20.0015 20.0432 20.0006 20.0008 20.0014 
20.9953 20.0007 20.001 20.0005 20.0007 20.0012 20.0428 20.0004 20.0005 20.0011 
20.9953 20.0007 20.001 20.0005 20.0006 20.0012 20.0428 20.0004 20.0005 20.001 
20.9953 20.0007 20.001 20.0005 20.0006 20.0012 20.0428 20.0003 20.0005 20.001 
20.9953 20.0007 20.001 20.0005 20.0006 20.0012 20.0428 20.0003 20.0005 20.0003 
20.9953 20.0007 20.001 20.0005 20.0003 20.0011 20.0407 20.0003 20.0005 20.0003 
20.9953 20.0006 20.0009 20.0005 20.0003 20.0011 20.0407 20 20.0005 20.0003 
20.9952 20.0006 20.0009 20.0005 20.0001 20.0011 20.0407 20 20.0005 20.0003 
