409.214 385.228 141.79 207.481 196.553 358.079 352.933 286.724 373.58 505.815 
39.3132 39.3103 34.1215 33.1205 31.9552 36.0187 35.6678 36.3876 30.2692 35.4058 
29.6397 30.7398 30.9078 26.4797 27.8463 29.1668 30.3941 26.9167 28.4477 24.4918 
27.0887 25.7836 26.2317 24.4942 25.91 24.5582 24.1451 25.633 25.3859 24.4918 
21.0228 20.0357 20.1085 21.0328 20.0369 20.0472 20.0426 21.2288 21.0719 20.0243 
20.9975 20.0008 20.0391 20.9981 20.0019 20.0014 20.002 21.1183 21.002 20.0023 
20.9957 20.0001 20.0327 20.9957 20.0005 20.0006 20.0011 21.1164 20.9992 20.0002 
20.9954 20.0001 20.0321 20.9956 20.0004 20.0002 20.0011 21.1161 20.9989 20.0001 
20.9954 20.0001 20.032 20.9956 20.0004 20.0001 20.0011 21.1161 20.9989 20.0001 
20.9954 20.0001 20.032 20.9956 20.0004 20.0001 20.0011 21.1161 20.9988 20.0001 
20.9954 20.0001 20.032 20.9956 20.0004 20.0001 20.0011 21.1161 20.9988 20.0001 
20.9954 20.0001 20.032 20.9956 20.0004 20.0001 20.0011 21.1161 20.9988 20.0001 
20.9954 20.0001 20.032 20.9956 20.0004 20.0001 20.0011 21.1161 20.9988 20.0001 
20.9954 20.0001 20.032 20.9956 20.0004 20.0001 20.0011 21.1161 20.9988 20.0001 
