106.389 133.833 111.009 118.802 115.105 152.077 95.9887 96.843 123.518 126.959 
106.389 133.833 111.009 118.802 115.105 152.077 95.9887 96.843 123.518 126.959 
106.389 133.833 111.009 118.802 115.105 152.077 95.9887 96.843 123.518 126.959 
106.389 133.833 111.009 118.802 115.105 152.077 95.9887 96.843 123.518 126.959 
106.389 133.833 111.009 118.802 115.105 152.077 95.9887 96.843 123.518 126.959 
106.389 133.833 111.009 118.802 115.105 152.077 95.9887 96.843 123.518 126.959 
106.389 133.833 111.009 118.802 115.105 152.077 95.9887 96.843 123.518 126.959 
106.389 133.833 111.009 118.802 115.105 152.077 95.9887 96.843 123.518 126.959 
106.389 133.833 111.009 118.802 115.105 152.077 95.9887 96.843 123.518 126.959 
106.389 133.833 111.009 118.802 115.105 152.077 95.9887 96.843 123.518 126.959 
106.389 133.833 111.009 118.802 115.105 152.077 95.9887 96.843 123.518 126.959 
106.389 133.833 111.009 118.802 115.105 152.077 95.9887 96.843 123.518 126.959 
106.389 133.833 111.009 118.802 115.105 152.077 95.9887 96.843 123.518 126.959 
106.389 133.833 111.009 118.802 115.105 152.077 95.9887 96.843 123.518 126.959 
