3.14641e+07 3.62666e+07 1.76629e+07 2.2281e+07 5.05787e+07 2.41668e+07 1.27483e+07 4.73554e+07 3.58238e+07 4.28699e+07 
2.68416e+06 4.59667e+06 5.64231e+06 4.05816e+06 2.98327e+06 4.93297e+06 3.16816e+06 5.99084e+06 5.44909e+06 4.76011e+06 
448865 630987 461134 302027 331358 312797 242617 310562 270218 399985 
662.459 816.635 594.459 831.748 807.457 672.915 751.832 923.169 925.998 408.825 
3.30191 2.2794 30.4542 44.7148 16.4281 37.9884 21.3779 3.3669 4.00377 6.75239 
0.208143 0.417615 0.4163 0.208165 0.416286 0.416286 0.208143 0.208148 0.416286 0.208143 
0.208143 0.416286 0.416286 0.208143 0.416286 0.416286 0.208143 0.208143 0.416286 0.208143 
0.208143 0.416286 0.416286 0.208143 0.416286 0.416286 0.208143 0.208143 0.416286 0.208143 
0.208143 0.416286 0.416286 0.208143 0.416286 0.416286 0.208143 0.208143 0.416286 0.208143 
0.208143 0.416286 0.416286 0.208143 0.416286 0.416286 0.208143 0.208143 0.416286 0.208143 
0.208143 0.416286 0.416286 0.208143 0.416286 0.416286 0.208143 0.208143 0.416286 0.208143 
0.208143 0.416286 0.416286 0.208143 0.416286 0.416286 0.208143 0.208143 0.416286 0.208143 
0.208143 0.416286 0.416286 0.208143 0.416286 0.416286 0.208143 0.208143 0.416286 0.208143 
0.208143 0.416286 0.416286 0.208143 0.416286 0.416286 0.208143 0.208143 0.416286 0.208143 
