1.22599e+06 928214 1.15754e+06 1.11896e+06 593595 326465 1.45177e+06 996349 1.42654e+06 1.04269e+06 
741562 433637 571266 560939 510263 326465 599375 503754 677312 540823 
351926 259276 289296 309240 255567 137116 230135 274695 373314 200048 
54519.7 50976.9 67547 89755.7 51517.1 47628.2 52696.2 76462.5 55807.4 63498.9 
2015.48 2062.88 1671.07 2093.48 1449.54 1564.86 1910.62 2147.22 1751.21 2646.39 
116.51 124.329 118.832 112.407 111.124 99.0197 110.835 116.796 99.3501 107.379 
88.3657 102.719 91.1706 89.9003 94.9709 96.9087 93.3637 84.8114 82.7144 95.8704 
86.3775 85.527 91.1706 84.2613 84.9043 79.5567 87.3107 64.9033 74.3394 89.4295 
84.225 85.527 89.0631 84.2613 84.1466 77.4652 87.3107 64.9033 74.3394 82.9366 
75.4164 79.3278 82.1346 84.2613 78.3888 77.4652 85.9867 64.9033 74.3394 82.9366 
67.9616 76.5922 74.4602 79.6048 78.3888 77.4652 78.1916 64.9033 74.3394 80.9833 
33.696 76.5922 59.1129 56.3356 78.3888 56.8471 78.1916 64.9033 74.3394 80.9833 
33.3469 76.5922 33.6378 56.3356 70.6734 29.305 31.2434 64.9033 74.3394 70.6085 
33.2642 76.5922 28.8846 56.3356 70.6734 28.8297 29.1182 64.9033 74.3394 29.3461 
