474.949 501.542 504.174 476.781 507.852 497.597 493.248 454.451 508.523 468.251 
474.949 501.063 477.209 476.781 469.601 459.259 444.866 444.318 480.248 445.852 
421.006 436.795 467.284 465.041 412.91 459.259 407.8 394.066 457.997 424.66 
396.258 376.742 382.517 393.546 386.438 409.907 377.894 382.266 389.599 395.612 
328.948 303.03 335.092 350.451 334.912 339.168 340.651 329.323 348.286 316.024 
267.073 283.432 304.167 295.657 287.581 291.198 295.281 266.175 277.132 303.054 
267.073 257.447 264.148 272.33 278.561 270.846 269.641 266.175 268.612 279.519 
267.073 243.067 264.148 248.198 258.766 258.662 269.641 266.175 247.631 259.449 
257.113 243.067 264.148 239.325 231.21 253.733 267.344 266.175 247.631 252.677 
257.113 243.067 258.039 239.325 231.21 253.733 259.128 262.511 247.631 252.415 
253.901 243.067 258.039 239.325 231.21 249.447 239.891 254.911 245.332 250.627 
230.449 243.067 255.119 232.438 231.21 249.447 239.891 245.009 225.009 250.627 
230.449 243.067 255.119 232.438 231.21 234.991 239.891 245.009 225.009 247.411 
230.449 212.523 248.688 232.438 231.21 227.3 239.891 228.535 223.553 232.481 
