2923.85 2522.66 2161.65 2552.9 1073.39 3086.17 1922.83 2001.79 2764.92 2458.91 
381.926 384.233 382.711 384.38 381.84 381.589 384.818 385.127 382.055 382.928 
378.251 378.264 378.251 378.312 378.276 378.286 378.414 378.304 378.249 378.34 
378.25 378.246 378.246 378.277 378.272 378.283 378.272 378.282 378.246 378.283 
378.25 378.246 378.246 378.277 378.272 378.283 378.272 378.282 378.246 378.283 
378.25 378.246 378.246 378.277 378.272 378.283 378.272 378.282 378.246 378.283 
378.25 378.246 378.246 378.277 378.272 378.283 378.272 378.282 378.246 378.283 
378.25 378.246 378.246 378.277 378.272 378.283 378.272 378.282 378.246 378.283 
378.25 378.246 378.246 378.277 378.272 378.283 378.272 378.282 378.246 378.283 
378.25 378.246 378.246 378.277 378.272 378.283 378.272 378.282 378.246 378.283 
378.25 378.246 378.246 378.277 378.272 378.283 378.272 378.282 378.246 378.283 
378.25 378.246 378.246 378.277 378.272 378.283 378.272 378.282 378.246 378.283 
378.25 378.246 378.246 378.277 378.272 378.283 378.272 378.282 378.246 378.283 
378.25 378.246 378.246 378.277 378.272 378.283 378.272 378.282 378.246 378.283 
