332148 802271 1.14702e+07 653738 493925 13559.2 84595 466659 889634 850239 
332148 802271 1.14702e+07 653738 493925 13559.2 84595 466659 889634 850239 
332148 802271 1.14702e+07 653738 493925 13559.2 84595 466659 889634 850239 
332148 802271 1.14702e+07 653738 493925 13559.2 84595 466659 889634 850239 
332148 802271 1.14702e+07 653738 493925 13559.2 84595 466659 889634 850239 
332148 802271 1.14702e+07 653738 493925 13559.2 84595 466659 889634 850239 
332148 802271 1.14702e+07 653738 493925 13559.2 84595 466659 889634 850239 
332148 802271 1.14702e+07 653738 493925 13559.2 84595 466659 889634 850239 
332148 802271 1.14702e+07 653738 493925 13559.2 84595 466659 889634 850239 
332148 802271 1.14702e+07 653738 493925 13559.2 84595 466659 889634 850239 
332148 802271 1.14702e+07 653738 493925 13559.2 84595 466659 889634 850239 
332148 802271 1.14702e+07 653738 493925 13559.2 84595 466659 889634 850239 
332148 802271 1.14702e+07 653738 493925 13559.2 84595 466659 889634 850239 
332148 802271 1.14702e+07 653738 493925 13559.2 84595 466659 889634 850239 
