412.345 500.002 500.002 383.046 500.002 500.002 381.817 500.002 381.851 385.498 
372.292 500.002 500.002 372.75 500.002 500.002 370.702 500.002 372.682 371.266 
372.089 500.002 500.002 372.089 500.002 500.002 370.636 500.002 372.674 371.208 
372.089 500.002 500.002 372.089 500.002 500.002 370.636 500.002 372.674 371.208 
372.089 500.002 500.002 372.089 500.002 500.002 370.636 500.002 372.674 371.208 
372.089 500.002 500.002 372.089 500.002 500.002 370.636 500.002 372.674 371.208 
372.089 500.002 500.002 372.089 500.002 500.002 370.636 500.002 372.674 371.208 
372.089 500.002 500.002 372.089 500.002 500.002 370.636 500.002 372.674 371.208 
372.089 500.002 500.002 372.089 500.002 500.002 370.636 500.002 372.674 371.208 
372.089 500.002 500.002 372.089 500.002 500.002 370.636 500.002 372.674 371.208 
372.089 500.002 500.002 372.089 500.002 500.002 370.636 500.002 372.674 371.208 
372.089 500.002 500.002 372.089 500.002 500.002 370.636 500.002 372.674 371.208 
372.089 500.002 500.002 372.089 500.002 500.002 370.636 500.002 372.674 371.208 
372.089 500.002 500.002 372.089 500.002 500.002 370.636 500.002 372.674 371.208 
