189671 30414 167551 166185 86136.6 242084 183271 207026 179607 106765 
12780.3 2840.49 12929.3 8937.26 5928.22 12175.2 19375.4 8780.57 18983.8 3011.15 
887.509 354.175 592.671 467.369 415.247 959.043 220.9 580.02 1338.15 357.282 
31.6152 28.151 28.9323 29.6022 26.4712 26.319 32.0196 30.7725 33.9536 29.2024 
20.8838 20.963 20.7576 21.1368 20.9494 21.1123 21.5572 20.7587 21.4644 20.9036 
20.5359 20.5118 20.3449 20.4609 20.4883 20.5957 20.3585 20.4036 20.4926 20.4217 
20.3832 20.3081 20.3358 20.3566 20.4275 20.3601 20.305 20.334 20.1626 20.2937 
20.2386 20.2475 20.1893 20.1696 20.2077 20.0146 20.2619 20.0128 20.1626 20.1799 
20.1683 20.1571 20.1842 20.0088 20.021 20.0019 20.255 20.007 20.1626 20.0203 
20.1473 20.1022 20.0222 20.006 20.0153 20.0019 20.1521 20.0069 20.157 20.0026 
20.1363 20.0778 20.0042 20.006 20.0153 20.0019 20.1521 20.0069 20.1161 20.0026 
20.1145 20.075 20.0038 20.006 20.0153 20.0019 20.0937 20.0069 20.0909 20.0026 
20.1068 20.0135 20.0038 20.006 20.0153 20.0019 20.0215 20.0069 20.0871 20.0026 
20.0042 20.0133 20.0038 20.006 20.0153 20.0019 20.0103 20.0069 20.0593 20.0026 
