398.98 397.078 401.912 384.913 396.048 382.864 396.199 412.551 396.705 385.282 
374.074 361.594 359.321 372.417 367.668 364.622 354.707 362.131 350.687 369.886 
360.305 354.56 357.429 357.119 349.046 354.364 354.707 326.66 350.687 349.621 
349.85 327.568 341.689 345.142 332.306 340.749 342.321 326.66 336.612 329.655 
312.025 315.588 307.267 306.638 313.494 315.145 310.269 308.807 308.268 307.697 
310.539 311.373 307.182 306.586 312.938 310.512 309.491 308.586 307.808 306.809 
310.539 311.373 307.182 306.586 312.938 310.512 309.491 308.586 307.808 306.809 
310.539 311.373 307.182 306.586 312.938 310.512 309.491 308.586 307.808 306.809 
310.539 311.373 307.182 306.586 312.938 310.512 309.491 308.586 307.808 306.809 
310.539 311.373 307.182 306.586 312.938 310.512 309.491 308.586 307.808 306.809 
310.539 311.373 307.182 306.586 312.938 310.512 309.491 308.586 307.808 306.809 
310.539 311.373 307.182 306.586 312.938 310.512 309.491 308.586 307.808 306.809 
310.539 311.373 307.182 306.586 312.938 310.512 309.491 308.586 307.808 306.809 
310.539 311.373 307.182 306.586 312.938 310.512 309.491 308.586 307.808 306.809 
