3.82199e+07 3.07235e+07 3.43811e+07 2.86598e+07 2.56014e+07 4.0384e+07 2.04531e+07 2.86717e+07 1.57653e+07 2.4627e+07 
3.73359e+07 2.02649e+07 2.48505e+07 2.08779e+07 2.31364e+07 3.40907e+07 2.04531e+07 2.38768e+07 1.57653e+07 2.39443e+07 
2.85626e+07 1.83014e+07 2.38304e+07 1.89125e+07 2.22419e+07 1.94583e+07 2.04531e+07 2.0456e+07 1.57653e+07 1.80966e+07 
2.2061e+07 1.4267e+07 2.03941e+07 1.24431e+07 2.10517e+07 1.29067e+07 1.44367e+07 1.86741e+07 1.46058e+07 1.25404e+07 
1.39427e+07 6.64413e+06 1.08299e+07 7.62137e+06 1.03813e+07 1.18233e+07 9.70171e+06 8.24181e+06 8.17828e+06 8.91048e+06 
4.92248e+06 2.6032e+06 4.03649e+06 2.73695e+06 3.39306e+06 3.58842e+06 3.1088e+06 3.35232e+06 2.53894e+06 2.74776e+06 
1.40351e+06 546805 1.64604e+06 830894 1.36296e+06 1.09609e+06 768444 1.04861e+06 767878 1.10628e+06 
455239 325284 642128 306503 390535 431086 377325 469485 235510 319095 
142327 114651 219879 107190 125381 125026 88408.9 128605 81542.4 99366.9 
47159.5 32484.7 57065.3 36310.3 52469 46267.1 38370.5 32597 24303.6 31529.4 
17094.3 12165.6 21899.3 13519.3 15365.5 14201.5 14312.3 10827 11910.5 9561.88 
4204.86 3205.68 7710.82 5163.76 7102.49 5526.2 3765.17 4498.65 3465.94 3460.83 
1750.66 1273.83 2774.83 1799.21 2080.83 1887.04 1250.63 1489.74 1329.84 1262.6 
607.655 527.985 945.956 664.277 759.897 576.651 610.028 650.498 509.642 490.835 
