20503.2 14217.6 12841.7 11325.2 13873 17555.2 14076.3 16725.7 14801.4 25303.9 
155.762 121.537 121.169 144.844 126.903 152.025 149.92 152.931 142.839 128.279 
60.0194 65.3217 51.7563 55.8894 55.1022 48.012 58.5249 64.6235 54.7427 61.6962 
14.8003 11.9509 13.4827 16.5557 14.5846 16.4343 9.74716 11.7181 12.6944 12.2044 
4.52434 2.82894 3.50187 6.93406 4.61549 6.70208 1.57022 2.40599 3.40292 2.8778 
3.98295 1.99326 2.99277 5.97414 3.98456 5.97401 1.00182 1.99718 2.99163 1.99643 
3.98001 1.99002 2.98509 5.96991 3.97985 5.96998 0.995185 1.99022 2.98498 1.99 
3.97984 1.98992 2.98488 5.96976 3.97984 5.96977 0.994961 1.98993 2.98488 1.98992 
3.97984 1.98992 2.98488 5.96975 3.97984 5.96975 0.994959 1.98992 2.98488 1.98992 
3.97984 1.98992 2.98488 5.96975 3.97984 5.96975 0.994959 1.98992 2.98488 1.98992 
3.97984 1.98992 2.98488 5.96975 3.97984 5.96975 0.994959 1.98992 2.98488 1.98992 
3.97984 1.98992 2.98488 5.96975 3.97984 5.96975 0.994959 1.98992 2.98488 1.98992 
3.97984 1.98992 2.98488 5.96975 3.97984 5.96975 0.994959 1.98992 2.98488 1.98992 
3.97984 1.98992 2.98488 5.96975 3.97984 5.96975 0.994959 1.98992 2.98488 1.98992 
