3312.03 4620.91 4583.82 3565.41 3898.86 4368.79 4823.42 4499.07 3299.87 4729.89 
3312.03 4154.79 4119.25 3565.41 3890.98 4241.12 4157.25 3923 3299.87 4267.66 
3312.03 4003.17 4045.41 3565.41 3392.41 3890.92 4044.52 3356.65 3299.87 3527.45 
2909.07 3494.26 3517.7 3380.29 3392.41 3640.38 3525.11 2960.07 3299.87 2930.34 
2754.64 2763.32 2825.88 3057.42 2896.77 3135.43 2816.11 2960.07 2969.97 2930.34 
2491.42 2763.32 2665.34 2663.86 2660.19 2372.84 2546.29 2601.64 2489.67 2570.61 
2294.37 2217.53 2536.68 2378.03 2485.5 2372.84 2342.75 2601.64 2462.84 2532.93 
2294.37 2141.87 2323.62 2378.03 2392.37 2372.84 2342.75 2389.35 2422.96 2408.99 
2242.91 1902.21 2287.46 2378.03 2392.37 2372.84 2342.75 2389.35 2229.64 1962.64 
2169.22 1218.98 2287.46 2263.79 2392.37 2372.84 2342.75 2321.12 2229.64 1962.64 
1553.64 1215.06 1138.12 2188.44 2392.37 2372.84 2285.06 1211.74 1873.43 1962.64 
1094.3 1186.23 876.939 1611.87 2392.37 2102.45 1717.63 1151.58 1288.26 1962.64 
1092.09 1185.99 808.283 799.975 2392.37 1301.97 1019.24 1150.7 1275.28 1749.9 
1091.8 1185.76 780.255 797.27 2200.73 1213.92 1011.19 1150.67 1272.94 953.956 
