31257.8 31974.9 39230.6 24184.5 54910.8 15487.7 111705 70500.9 34875.2 36291.9 
4472.46 6277.8 2647.86 6307.97 11947.8 1836.78 12620.7 3368.77 3798.09 3902.2 
58.9629 127.57 87.0661 178.912 253.017 193.652 228.118 92.1056 102.493 144.474 
9.49038 7.82835 5.45161 5.06167 4.93972 7.73817 7.62924 4.69502 5.88207 7.81732 
1.8638 0.515521 0.369032 0.268615 0.625697 0.33642 2.1427 1.02331 0.268788 0.0829363 
1.86372 0.508785 0.368983 0.26703 0.625671 0.33604 2.14267 1.01302 0.267248 0.0828383 
1.86372 0.50866 0.368983 0.26703 0.625671 0.33604 2.14267 1.01301 0.264567 0.0747472 
1.86372 0.50866 0.368983 0.26703 0.625671 0.33604 2.14267 1.01301 0.262785 0.0548987 
1.86372 0.50866 0.368983 0.26703 0.625671 0.33604 2.14267 1.01301 0.258446 0.0523098 
1.86372 0.50866 0.368983 0.26703 0.625671 0.33604 2.14267 1.01301 0.253991 0.0469478 
1.86372 0.50866 0.368983 0.26703 0.625671 0.33604 2.14267 1.01301 0.251458 0.0430637 
1.86372 0.50866 0.368983 0.26703 0.625671 0.33604 2.14267 1.01301 0.250128 0.0401821 
1.86372 0.50866 0.368983 0.26703 0.625671 0.33604 2.14267 1.01301 0.247236 0.0367712 
1.86372 0.50866 0.368983 0.26703 0.625671 0.33604 2.14267 1.01301 0.244962 0.0326944 
