271.756 281.983 277.096 264.56 271.314 279.26 276.661 275.958 171.594 289.875 
252.327 266.26 260.711 155.415 255.214 248.428 254.095 258.633 141.935 258.006 
242.081 236.366 241.759 105.357 243.147 248.428 249.472 254.856 103.543 244.553 
231.144 236.366 237.744 100.012 239.377 245.112 236.492 230.201 100.012 234.925 
205.041 206.922 207.609 100 207.34 207.002 205.936 204.711 100 210.852 
204.938 206.922 206.539 100 207.34 206.822 205.936 204.55 100 209.989 
204.938 206.922 206.539 100 207.34 206.822 205.936 204.55 100 209.989 
204.938 206.922 206.539 100 207.34 206.822 205.936 204.55 100 209.989 
204.938 206.922 206.539 100 207.34 206.822 205.936 204.55 100 209.989 
204.938 206.922 206.539 100 207.34 206.822 205.936 204.55 100 209.989 
204.938 206.922 206.539 100 207.34 206.822 205.936 204.55 100 209.989 
204.938 206.922 206.539 100 207.34 206.822 205.936 204.55 100 209.989 
204.938 206.922 206.539 100 207.34 206.822 205.936 204.55 100 209.989 
204.938 206.922 206.539 100 207.34 206.822 205.936 204.55 100 209.989 
