8618.76 8603.51 8717.85 8960.01 8765.93 8668.49 8578.14 8311.7 7602.41 8867.11 
8091.39 8300.79 8717.85 8455.56 8436.55 8078.53 8429.98 8311.7 7602.41 8297.75 
8091.39 7585.82 8121.37 8455.56 8078.15 8078.53 8152.87 8311.7 7602.41 8297.75 
7369.25 7585.82 7485.83 7656.45 7458.7 7586.54 169.652 122.062 118.694 6736.95 
1216.64 1749.23 1266.73 3053.77 1933.31 2443.96 100 117.7 100 2565.22 
1216.64 1749.23 1259.15 3042.44 1898.86 2417.77 100 117.7 100 2565.22 
1216.64 1749.23 1259.15 3042.44 1898.86 2417.77 100 117.7 100 2565.22 
1216.64 1749.23 1259.15 3042.44 1898.86 2417.77 100 117.7 100 2565.22 
1216.64 1749.23 1259.15 3042.44 1898.86 2417.77 100 117.7 100 2565.22 
1216.64 1749.23 1259.15 3042.44 1898.86 2417.77 100 117.7 100 2565.22 
1216.64 1749.23 1259.15 3042.44 1898.86 2417.77 100 117.7 100 2565.22 
1216.64 1749.23 1259.15 3042.44 1898.86 2417.77 100 117.7 100 2565.22 
1216.64 1749.23 1259.15 3042.44 1898.86 2417.77 100 117.7 100 2565.22 
1216.64 1749.23 1259.15 3042.44 1898.86 2417.77 100 117.7 100 2565.22 
