3.67482e+09 3.68871e+09 3.27045e+09 2.7206e+09 4.54539e+09 3.5811e+09 3.70305e+09 3.09484e+09 3.26982e+09 5.18691e+09 
1.33098e+08 1.42242e+08 1.29682e+08 1.23009e+08 1.7082e+08 1.67945e+08 1.46238e+08 2.06046e+08 1.3465e+08 7.12091e+07 
1.54508e+06 6.46126e+06 3.5848e+06 1.29565e+06 1.85865e+06 1.96385e+06 3.94421e+06 3.17154e+06 946249 892352 
585065 1.89361e+06 1.58598e+06 308674 556300 157330 1.76203e+06 769465 256523 190978 
265749 1.70547e+06 1.22775e+06 163568 365893 77914.9 1.12418e+06 486789 121588 189235 
249562 1.5065e+06 1.13205e+06 105851 252064 67587.7 731459 442496 62632.4 185631 
247749 1.26451e+06 1.10262e+06 88218.6 237201 64231.8 683409 403561 38400.6 182559 
247400 1.11459e+06 1.0817e+06 82556.5 228279 62206.7 659109 382289 25478.1 180042 
247166 994072 1.03771e+06 79225.9 214025 59659.6 650725 375177 16403.3 178313 
246929 884905 1.02531e+06 76553.7 204924 57769.9 648002 367642 13368.7 177297 
246714 771607 1.02118e+06 74555.3 196724 55043.9 645921 363584 11962.3 176537 
246424 691323 1.00244e+06 72876.7 189747 53126.4 644811 360835 11492.3 176073 
246181 612747 984352 70494.7 180140 51500.4 643567 358243 11185.5 175706 
245973 549714 972110 67395.6 174403 49746.9 642659 356155 10904.3 175401 
