23.8011 34.6032 38.0373 50.7057 62.2276 27.0816 41.7054 38.9784 38.0853 38.3347 
15.0713 11.8736 11.9967 11.2895 11.4061 8.26531 13.6284 10.5988 16.7102 14.5943 
2.07802 2.24003 1.32415 2.22008 1.64865 1.3793 2.02543 1.68506 1.49348 2.58287 
0.00469312 0.002929 0.00272282 0.00248312 0.00237222 0.0030896 0.00465186 0.00221804 0.00281309 0.00193055 
0 0 0 0 0 0 0 0 0 0 
0 0 0 0 0 0 0 0 0 0 
0 0 0 0 0 0 0 0 0 0 
0 0 0 0 0 0 0 0 0 0 
0 0 0 0 0 0 0 0 0 0 
0 0 0 0 0 0 0 0 0 0 
0 0 0 0 0 0 0 0 0 0 
0 0 0 0 0 0 0 0 0 0 
0 0 0 0 0 0 0 0 0 0 
0 0 0 0 0 0 0 0 0 0 
